,agoras-tokens,ardor,augur,bitbay,bitcoin,bitcoindark,bitshares,blocknet,byteball,bytecoin-bcn,counterparty,dash,decred,digibyte,digitalnote,digixdao,dogecoin,einsteinium,emercoin,ethereum,ethereum-classic,experience-points,factom,gamecredits,golem-network-tokens,gulden,iconomi,ion,lisk,maidsafecoin,monacoin,monero,nav-coin,nem,neo,nexus,nxt,paccoin,peercoin,pivx,reddcoin,ripple,siacoin,singulardtv,steem,stellar,stratis,supernet-unity,syscoin,tether,triggers,ubiq,verge,vertcoin,viacoin,waves,zcash,zclassic,zcoin
0,0.123882,0.136985,1.53,0.024302,6468.4,1.03,0.003941,21.48,57.63,3.3E-05,0.756503,2.24,32.64,0.000211,1E-04,78.48,0.000114,7.7E-05,0.029582,303.46,16.88,3.9E-08,0.113121,0.015262,0.032102,0.001754,0.134057,1.13,8.41,0.013565,0.069667,0.395808,0.00191,0.214811,26.96,1.59,0.007493,3.1E-09,1.31,3.08,1.1E-05,0.200558,0.004701,0.186167,0.92546,0.001923,3.31,1.71,0.000498,0.998625,0.03725,1.35,1.3E-05,0.029603,0.005407,4.76,103.64,1.89,5.1
1,0.32004,0.137514,25.12,0.00054,700.97,2.18,0.023716,0.231354,64.74,1.2E-05,3.7,2.04,0.731985,6.8E-05,5.7E-05,8.47,0.000251,0.00017,0.008692,11.79,0.909567,8E-06,19.58,1.8E-05,0.025888,0.001643,0.961797,0.099608,0.168663,0.021839,0.04698,0.762157,0.000783,0.004547,0.168695,0.025881,0.022322,6.5E-09,0.256665,0.0094,4.6E-05,0.008196,0.000454,0.195456,0.1057,0.001958,0.096157,3.67,0.000723,1,0.032652,0.061287,0.005251,0.063536,0.051407,0.332264,99.54,2.01,5.15
2,0.129564,0.129929,4.52,0.000184,314.17,75.12,0.049859,0.057902,63.57,0.001323,7.49,284.23,34.35,0.008417,0.001191,76.34,0.001016,0.059634,0.472968,0.634963,17.55,3.9E-08,2.3,2.03,0.024192,0.090961,0.136667,1.09,8.45,0.333423,2.72,85.21,0.777207,0.000109,28.53,0.001315,0.058529,4.3E-07,0.39165,3.22,0.000825,0.004687,3.5E-05,0.171534,0.951673,0.033832,3.73,30.22,0.181079,1,0.032909,0.026942,2.5E-05,3.02,1.15,5.05,91.04,2.12,5.16
3,0.124018,0.123432,1.59,0.024013,338.32,2.89,0.004458,21.55,934.1,5.9E-05,3.88,9.96,0.70997,0.000336,0.000264,9.2,0.000221,0.001709,0.305576,299.87,0.922699,8E-06,0.095616,0.161984,0.025874,0.051852,1.16,0.098671,0.174003,0.088006,0.03069,6.51,0.053026,0.209909,0.176226,1.54,0.007458,3.4E-09,0.814681,0.009719,4.7E-05,0.004867,0.004212,0.150396,0.113653,0.002438,0.10669,2.37,0.008473,0.999441,0.03076,0.008986,1.2E-05,0.03801,0.046951,0.357763,91.93,2.14,5.96
4,0.316608,0.088507,21.13,0.000545,204,0.991104,0.003693,0.253701,847.87,3.1E-05,0.936828,2.33,34.32,0.00021,0.000115,75.24,0.000115,6.8E-05,0.033571,11.76,17.87,3.9E-08,23.66,0.013684,0.023364,0.001721,1.06,1.07,7.1,0.01541,0.071419,0.393922,0.001875,0.003546,28.18,0.025683,0.007453,6.4E-09,0.37536,3.14,1E-05,0.006073,0.000452,0.144134,0.940148,0.001956,3.61,1.62,0.000497,1,0.032789,1.2,0.005163,0.030796,0.005233,5.03,90.05,2.41,7.47
5,0.134242,0.08543,4.68,0.000186,6130.53,2.3,0.023093,0.042175,799.61,1.3E-05,3.5,2.11,0.644311,6.1E-05,5.7E-05,9.57,0.000245,0.000188,0.00861,0.627857,0.888597,5E-06,2.22,2.7E-05,0.023353,0.001845,1.14,0.085697,0.179635,0.021982,0.046386,0.865496,0.000834,0.000112,0.168272,0.001308,0.021485,4.5E-07,1.17,0.00967,5E-05,0.202711,2.9E-05,0.148688,0.115547,0.001914,0.107251,3.78,0.00082,1,0.030323,0.056617,1.9E-05,0.071199,0.052647,0.380149,70.26,2.38,8.49
6,0.124926,0.084657,1.6,0.025363,701.86,85.56,0.052607,18.9,780.58,0.001492,8.28,275.7,31.79,0.008805,0.001374,70.2,0.001023,0.072014,0.493085,297.39,16.11,3.8E-08,0.089345,1.92,0.019665,0.090032,1.09,0.937964,6.34,0.339187,3.03,86.58,0.800196,0.194931,31.9,1.28,0.060803,3.3E-09,0.266532,3.18,0.001017,0.008014,0.00421,0.162869,0.922813,0.031269,3.22,30.95,0.178436,0.99978,0.025836,0.026488,1.4E-05,3.34,1.34,4.4,66.95,2.14,7.52
7,0.332059,0.090404,20.99,0.000553,328.01,2.82,0.004578,0.238367,737.25,5.9E-05,4.11,10.36,0.666323,0.000342,0.000252,9.26,0.000223,0.001819,0.277119,12.05,0.902412,1E-05,22.88,0.171517,0.019671,0.052697,1.03,1.07,0.181303,0.087985,0.029714,6.52,0.048888,0.003877,0.159859,0.028057,0.007651,6.5E-09,0.424313,0.011633,4.6E-05,0.004839,0.000452,0.188568,0.116281,0.002407,0.08569,2.24,0.009102,1,0.02694,0.010471,0.005643,0.035455,0.046785,0.39035,63.36,1.97,6.18
8,0.122581,0.077071,4.53,0.000179,345.31,1.01,0.003809,0.055802,777.8,3.1E-05,0.846185,2.41,29.42,0.000219,0.000115,59.7,0.000118,8.5E-05,0.02816,0.650628,15.18,3.8E-08,2.19,0.012292,0.019729,0.001761,1.08,0.087211,5.5,0.015229,0.077133,0.403236,0.001766,0.000117,30.67,0.001322,0.007823,4.1E-07,0.834673,2.98,9E-06,0.00489,3.2E-05,0.195097,0.82876,0.001957,2.88,1.76,0.00051,1,0.032435,1.25,2.6E-05,0.033393,0.00495,3.7,64.69,2.24,5.62
9,0.346433,0.060481,1.58,0.024456,199.97,2.04,0.025659,21.64,757.55,1.4E-05,4.1,2.07,0.656818,6.5E-05,6.4E-05,9.64,0.000256,0.0002,0.010501,308.61,0.909944,1.1E-05,0.090678,3.1E-05,0.021812,0.002104,1.1,1.06,0.182718,0.023134,0.04724,0.946716,0.000883,0.194807,0.161594,1.38,0.024533,2.5E-09,0.36889,0.011483,5.4E-05,0.005854,0.004163,0.169101,0.122396,0.002034,0.086053,4.09,0.000527,0.998442,0.027098,0.05889,1.4E-05,0.074733,0.056638,0.400963,54.54,2.46,5.56
10,0.129745,0.062679,20.2,0.000531,6153.85,78.04,0.054017,0.230664,791.26,0.00149,7.61,277.86,30.71,0.008594,0.001371,61.53,0.001007,0.072835,0.479288,12.22,19.42,3.8E-08,22.91,1.93,0.022923,0.088982,1.43,0.087315,5.78,0.344082,2.79,88.12,0.764772,0.003955,26.23,0.028786,0.061944,7E-09,1.2,3.36,0.001021,0.202785,0.000449,0.182112,0.921045,0.036429,3.3,28.65,0.170902,1,0.025894,0.022314,0.005538,2.79,0.993247,4.12,59.93,1.27,5.75
11,0.383951,0.064107,4.63,0.000194,714.48,2.75,0.004451,0.043942,715.92,5.7E-05,3.67,10.77,0.645018,0.000337,0.00026,10.01,0.000218,0.001822,0.341913,0.621716,0.917606,5.7E-05,2.21,0.165903,0.023232,0.058624,1.39,1.26,0.182734,0.087238,0.029765,6.78,0.044447,0.000118,0.173087,0.001382,0.007738,4.3E-07,0.266388,0.009091,4.8E-05,0.007732,3.1E-05,0.220807,0.126787,0.002476,0.087435,2.54,0.008655,1,0.022716,0.010937,2.5E-05,0.035032,0.043421,0.379701,63.4,1.35,5.49
12,0.138114,0.064642,1.59,0.031142,313.86,0.955727,0.003895,23.57,687.36,3E-05,0.90859,2.28,30.27,0.000238,0.000119,60.56,0.000117,7.8E-05,0.02987,311.12,14.6,3.9E-08,0.100141,0.012768,0.023828,0.001704,1.09,0.088246,5.64,0.016743,0.073799,0.394597,0.001773,0.212189,26.32,1.38,0.007383,3.2E-09,0.425463,3.3,8E-06,0.004634,0.004606,0.213843,0.88047,0.001975,3.2,1.79,0.000557,0.99932,0.02738,1.36,1.4E-05,0.032424,0.005059,4.24,64.59,1.1,5.32
13,0.385014,0.072107,19.74,0.000602,335.59,2.23,0.025618,0.234213,711.71,1.5E-05,4.19,2.08,0.71359,6.9E-05,7.1E-05,9.47,0.00023,0.000211,0.009275,12.67,0.921264,1.3E-05,23.34,3.8E-05,0.024417,0.001595,1.03,1.11,0.186025,0.023572,0.046115,0.957783,0.000897,0.004019,0.164002,0.027777,0.023539,7.1E-09,0.812206,0.010943,5E-05,0.004776,0.000452,0.211729,0.143863,0.00207,0.067969,4.5,0.000395,1,0.02725,0.058632,0.00569,0.074265,0.055767,0.375629,66.61,0.8904,5.34
14,0.13564,0.064849,4.13,0.000187,204.39,84.5,0.049977,0.04238,755.01,0.001511,8.01,289.19,33.06,0.009388,0.001275,65.79,0.00105,0.081336,0.522808,0.609388,14.21,3.8E-08,2.23,1.82,0.023513,0.098791,1.07,0.12062,6.45,0.366188,2.91,90.54,0.824691,0.000136,26.38,0.001336,0.063437,5E-07,0.39856,3.39,0.000964,0.005998,2.7E-05,0.159732,0.988873,0.026756,3.75,34.18,0.173771,1,0.028472,0.022132,2.5E-05,2.03,0.937172,4.91,69.22,0.84528,5.57
15,0.121266,0.067724,1.64,0.030956,5753.09,2.78,0.004588,23.91,761.85,5.6E-05,3.81,10.5,0.73386,0.000346,0.000267,10.52,0.000221,0.001477,0.286083,308.59,0.913514,9E-06,0.09099,0.181304,0.023117,0.044623,1.07,1.06,0.181017,0.088589,0.030415,6.56,0.044875,0.211324,0.160797,1.5,0.00779,3.3E-09,1.19,0.009236,4.4E-05,0.201835,0.004635,0.133213,0.148453,0.00267,0.064787,2.66,0.008401,1,0.024144,0.01125,1.2E-05,0.034136,0.037447,0.368976,66.64,1.13,5.85
16,0.356915,0.061301,19.26,0.000625,689.65,0.953111,0.004324,0.248515,728.4,3E-05,0.85998,2.41,31.58,0.000211,0.000105,66.56,0.000118,8E-05,0.033539,12.85,14.02,3.8E-08,22.12,0.010906,0.476923,0.001722,0.868465,0.119399,6.05,0.015775,0.068671,0.399646,0.001613,0.004399,26.49,0.030308,0.006889,7E-09,0.278268,3.38,1.1E-05,0.008143,0.000454,0.148536,0.954058,0.00187,3.53,1.68,0.000582,1,0.025164,1.21,0.005322,0.032085,0.005053,4.5,72.47,0.841467,5.36
17,0.135686,0.051947,4.48,0.000188,304.62,2.37,0.022404,0.039905,652.08,1.3E-05,4.23,2.11,0.619449,6.8E-05,6.2E-05,10.4,0.000232,0.000212,0.009571,0.650645,0.943784,3E-06,2.22,3.9E-05,0.513802,0.001761,0.778123,1.04,0.187839,0.021498,0.046136,0.950394,0.000932,0.000123,0.175917,0.001407,0.022634,4.8E-07,0.388758,0.01279,5E-05,0.004675,2.7E-05,0.170227,0.133187,0.002023,0.069018,4.5,0.000565,1,0.025592,0.0593,2.5E-05,0.073727,0.067474,0.349219,69.89,0.853693,5.45
18,0.120841,0.050448,1.64,0.028969,357.62,87.07,0.052308,24.88,643.82,0.001464,8.23,295.47,29.33,0.00978,0.001397,64.57,0.001064,0.087179,0.54016,295.86,13.92,3.9E-08,0.102415,1.81,0.571109,0.100474,0.747819,0.120905,5.19,0.371025,3.26,88.62,0.798185,0.211072,26.82,1.56,0.065116,3.3E-09,0.874957,2.84,0.001028,0.004845,0.004626,0.134846,0.86357,0.031195,3.02,30.11,0.1818,1,0.025634,0.022243,1.2E-05,2.11,1.06,3.69,64.18,0.899513,5.94
19,0.654191,0.046981,19.78,0.000677,198.55,2.84,0.004451,0.255432,640.81,5.1E-05,4.11,10.29,0.632151,0.000341,0.000287,10.57,0.000219,0.001432,0.288742,13.04,0.927765,3E-06,21.84,0.17924,0.549714,0.037468,0.6727,1.08,0.21349,0.090265,0.030544,6.62,0.04261,0.004336,0.173534,0.031693,0.007766,6.2E-09,0.3971,0.016044,4.4E-05,0.005942,0.000457,0.125369,0.151687,0.002339,0.059499,2.81,0.008454,1,0.024603,0.009082,0.006411,0.035142,0.044761,0.351602,48.27,0.885556,6.35
20,0.128706,0.045984,4.55,0.000192,5780.9,0.943124,0.004249,0.045691,725.37,3E-05,0.829945,2.34,28.8,0.000282,0.000117,62.78,0.000119,8.4E-05,0.029862,0.628643,14.33,3.9E-08,2.3,0.011619,0.473199,0.001764,0.716868,0.119496,4.59,0.01742,0.073609,0.403212,0.001769,0.000119,24.5,0.001295,0.007209,3.6E-07,1.19,2.89,1E-05,0.202785,2.9E-05,0.124994,0.857927,0.001933,3.01,1.83,0.000492,1,0.025436,1.16,2.5E-05,0.031962,0.005109,3.52,48.78,0.941144,6.93
21,0.188551,0.021911,1.62,0.031632,688.31,2.42,0.023524,19.87,646.47,1.4E-05,4.44,2.27,0.626592,7E-05,6.7E-05,10.97,0.000244,0.000218,0.010518,292.66,0.982655,9E-06,0.112181,3.9E-05,0.564485,0.002277,0.760461,1.13,0.215194,0.023436,0.045785,0.994436,0.000912,0.218456,0.197941,1.61,0.023104,3.4E-09,0.282731,0.013178,5.4E-05,0.008481,0.004751,0.122348,0.202482,0.002023,0.052001,4.31,0.0006,1,0.029056,0.057815,1.2E-05,0.075163,0.06853,0.368279,45.73,1.19,6.62
22,0.502876,0.02038,19.22,0.000677,293.79,87.37,0.056197,0.261761,685.11,0.001404,8.66,297.26,29.04,0.010414,0.001464,64.71,0.001047,0.090029,0.590423,13.28,13.24,3.9E-08,22.92,1.91,0.62524,0.097992,0.727118,0.119431,4.44,0.388951,2.82,89.54,1.01,0.004256,26.86,0.018988,0.066639,5.9E-09,0.353743,3.06,0.001061,0.004649,0.000465,0.111676,0.873104,0.035133,3.04,29.95,0.187648,1,0.026243,0.02362,0.006633,1.77,1.11,3.45,45.12,1.37,6.8
23,0.125879,0.021811,4.6,0.000188,352.99,2.96,0.004529,0.051768,700.37,5.1E-05,4.15,10.21,0.634668,0.000339,0.000227,10.39,0.000221,0.001397,0.3005,0.668379,1.04,3E-06,2.24,0.176586,0.655915,0.064982,0.784942,1.14,0.198437,0.090953,0.030677,6.57,0.049925,0.000122,0.211322,0.001277,0.007832,3.3E-07,0.865142,0.010511,4.3E-05,0.004891,2.9E-05,0.122864,0.216401,0.002388,0.052485,2.96,0.008564,1,0.033322,0.009575,2.5E-05,0.036124,0.039162,0.349872,47.66,1.2,6.99
24,0.129953,0.021963,1.56,0.025868,196.44,1.02,0.004249,19.13,707.7,3E-05,0.876462,2.37,28.93,0.000385,0.000101,68.94,0.000119,8.1E-05,0.021734,292.46,11.89,3.9E-08,0.109375,0.012126,0.591251,0.001762,0.698207,0.116906,4.59,0.016784,0.069564,0.409797,0.001817,0.22274,1.03,1.67,0.007052,3.3E-09,0.377165,2.75,1E-05,0.006842,0.004832,0.116348,0.910312,0.001972,2.99,1.84,0.000629,1,0.027714,1.19,1.2E-05,0.033301,0.004657,3.62,40.16,2.11,7.21
25,0.565562,0.021587,18.86,0.000674,5904.83,2.33,0.024592,0.290975,864.73,1.3E-05,4.25,2.29,0.648302,7.4E-05,6.4E-05,10.78,0.000257,0.000205,0.010354,13.45,0.972006,1.1E-05,19.79,7.3E-05,0.604908,0.002021,0.545531,1.01,0.187336,0.024771,0.049587,0.96583,0.000967,0.004285,1.02,0.033248,0.023088,6.3E-09,1.19,0.008744,5.5E-05,0.203628,0.00047,0.129843,0.136004,0.002059,0.051577,4.56,0.000709,0.999998,0.018106,0.051313,0.006261,0.077173,0.070361,0.340576,39.72,2.3,6.83
26,0.125891,0.021503,4.36,0.000187,678.3,83.24,0.055195,0.045499,751.8,0.001399,8.89,299.88,27.61,0.010192,0.00144,69.14,0.001067,0.092723,0.542177,0.687171,12.66,4.1E-08,2.24,1.93,0.648595,0.09666,0.575,0.118269,4.54,0.407457,2.95,91.28,0.652744,0.000127,0.966765,0.001275,0.066945,2.4E-07,0.281016,2.84,0.001064,0.008835,2.6E-05,0.110957,0.941065,0.045842,3.13,28.22,0.20475,1,0.019205,0.022845,2.5E-05,1.66,1.13,3.68,35.35,2.29,6.62
27,0.668268,0.020077,1.6,0.028466,285.3,3,0.004229,18.94,747.55,5.2E-05,4.23,10.62,0.655677,0.000364,0.000296,10.7,0.000221,0.001438,0.308699,297.48,0.893556,7E-06,0.10699,0.159036,0.725816,0.075009,0.504107,1.1,0.187735,0.093498,0.031339,6.28,0.04007,0.231441,0.930106,1.67,0.008011,3.8E-09,0.350714,0.008955,4.5E-05,0.004675,0.005134,0.11568,0.095061,0.002291,0.048739,2.58,0.009225,1,0.022944,0.007869,1.5E-05,0.035561,0.034542,0.345537,36.72,2.38,7.1
28,0.138344,0.018585,18.23,0.000673,354.7,1.11,0.004044,0.305042,805.75,3.1E-05,0.974892,2.43,24.81,0.000417,0.000145,61.16,0.000121,8.3E-05,0.029965,13.2,10.24,4.1E-08,19.39,0.012724,0.579051,0.001834,0.50897,0.140155,4.33,0.017625,0.066867,0.426942,0.002036,0.004311,0.982348,0.032112,0.007384,6.6E-09,0.869808,2.71,1.1E-05,0.004548,0.00046,0.104717,0.881441,0.001986,2.88,1.83,0.000396,0.999998,0.0247,1.17,0.006353,0.033419,0.004813,3.19,35.74,2,4.63
29,0.1971,0.020146,4.66,0.000176,177.32,2.41,0.025181,0.045355,777.12,1.3E-05,4.08,2.27,0.709144,7.3E-05,6.7E-05,11.57,0.00025,0.000213,0.01015,0.678574,0.885256,5.2E-07,2.21,3.4E-05,0.616756,0.001926,0.509019,0.372429,0.179841,0.020802,0.051131,0.973198,0.00103,0.000149,0.826549,0.001353,0.022609,3.1E-07,0.320949,0.008228,5.1E-05,0.006064,2.8E-05,0.098108,0.106659,0.002021,0.054034,4.69,0.000785,1,0.018502,0.058137,2.4E-05,0.07309,0.069406,0.352219,38.03,2.95,4.54
30,0.593144,0.021406,1.61,0.030939,5750.8,86.53,0.056209,19.03,765.16,0.001452,10.6,302.21,26.89,0.010459,0.001603,58.11,0.001164,0.09189,0.51983,302.34,10.26,5E-06,0.103095,1.97,0.544276,0.100277,0.526819,0.381423,4.51,0.410087,3.54,95.9,0.666192,0.24618,1.11,1.83,0.069312,3.6E-09,1.21,2.69,0.001098,0.204604,0.004901,0.097906,0.883963,0.036865,3.08,31,0.178711,0.999924,0.018,0.021161,1.7E-05,1.75,1.11,2.89,40.32,3.08,4.92
31,0.139031,0.022639,17.45,0.000678,657.59,3.02,0.004468,0.257705,635.92,5.7E-05,4.07,10.85,0.711819,0.000392,0.000189,10.56,0.000223,0.001316,0.333347,13.17,0.884664,1.4E-05,18.88,0.160484,0.512017,0.045042,0.518069,0.446017,0.162529,0.089262,0.031763,6.38,0.041183,0.004386,1.76,0.036655,0.008054,6.6E-09,0.282868,0.007882,4.5E-05,0.008891,0.000469,0.047762,0.122442,0.002418,0.055675,2.53,0.009532,1,0.020284,0.007859,0.006685,0.035806,0.026696,0.345782,39.44,3.26,4.7
32,0.193937,0.019284,4.88,0.000182,283.68,1.23,0.004341,0.047619,515.06,2.9E-05,0.813917,2.34,21.8,0.000417,0.000138,78.82,0.000121,8.4E-05,0.031902,0.690215,17.68,1.7E-07,2.27,0.014084,0.508575,0.001726,0.521314,0.417693,1.2,0.01937,0.067898,0.411511,0.001923,0.000175,0.877157,0.001364,0.00763,3.1E-07,0.358372,1.51,1E-05,0.004556,2.9E-05,0.048992,0.950807,0.001936,5.09,1.84,0.000349,1,0.022766,1.16,2.4E-05,0.03449,0.004786,2.95,41.64,3.05,4.46
33,0.423199,0.016839,1.62,0.04792,347.27,2.61,0.02558,21.29,463.29,1.4E-05,3.66,2.18,1.51,7.3E-05,6.5E-05,8.36,0.000258,0.000214,0.00578,447.11,18.54,2E-06,0.10271,3.6E-05,0.577867,0.002062,0.476756,0.412161,0.312831,0.020684,0.051933,0.999458,0.001032,0.226677,0.720486,1.4,0.023297,3.8E-09,0.858411,0.002311,5.3E-05,0.004719,0.005456,0.03954,0.425338,0.00208,5.87,4.47,0.000895,1.01,0.0224,0.058275,1.6E-05,0.068214,0.076925,2.38,41.8,2.79,4.76
34,0.127417,0.015096,18.21,0.001104,186.69,87.22,0.050607,0.195544,465.46,0.00141,8.61,309.51,20.3,0.00922,0.001692,78.25,0.001106,0.091904,0.479483,8.59,17.1,1.5E-07,18.55,1.66,0.505115,0.101977,0.621117,0.438437,1.1,0.395611,4.18,94.87,0.648105,0.003717,0.664141,0.02762,0.067413,7E-09,0.339776,1.71,0.001139,0.00686,0.000224,0.045238,0.925792,0.018925,3.76,2.57,0.154499,1,0.015139,0.021402,0.00726,1.4,1.04,2.68,39.67,3.12,4.45
35,0.110109,0.016927,4.85,0.000209,5526.64,2.79,0.004566,0.028249,430.61,5.7E-05,4.26,11.1,1.48,0.000427,0.000184,8.51,0.000224,0.001513,0.342086,0.873119,16.13,3.5E-07,2.28,0.143721,0.575122,0.033302,0.610374,0.456582,0.350992,0.088719,0.031919,6.56,0.041903,0.000106,0.665485,0.001362,0.008109,3.4E-07,1.23,0.002347,4.4E-05,0.206644,1.9E-05,0.035928,0.444284,0.002439,3.12,1.87,0.00931,1,0.018247,0.009284,2.4E-05,0.036206,0.025079,2.47,41.41,3.14,4.3
36,0.43313,0.019918,1.65,0.000867,653.76,1.23,0.004659,0.052942,424.75,3E-05,0.91737,2.25,20.83,0.000388,0.000125,75.19,0.00012,7.8E-05,0.02928,427.52,16.26,4E-06,0.103726,0.00971,0.583557,0.001766,0.649418,0.514667,1.04,0.019557,0.06917,0.390841,0.001865,0.218286,0.63186,1.14,0.007536,4.5E-09,0.285115,1.66,1E-05,0.009065,0.005427,0.035707,0.970867,0.001934,2.68,4.51,0.000343,0.990606,0.027306,1.15,1.5E-05,0.034977,0.004464,2.25,307.12,3.35,4.33
37,0.123655,0.019225,17.69,0.050432,281.65,3.16,0.026507,20.54,450.89,1.5E-05,3.85,2.07,1.46,7.9E-05,6.1E-05,8.41,0.000268,0.000225,0.009858,8.17,14.26,7.8E-07,18.38,4E-05,0.534433,0.002146,0.506193,0.475673,0.377337,0.023314,0.060765,0.990811,0.000965,0.003754,0.539481,0.027545,0.024029,9.7E-09,0.342471,0.002404,5.5E-05,0.004662,0.000236,0.030662,0.450608,0.002174,3.03,3.18,0.000861,1,0.028716,0.065428,0.00721,0.066718,0.086654,2.49,324.38,3.67,4.81
38,0.203212,0.017909,4.91,0.001215,358.35,85.81,0.051105,0.201248,468.03,0.001451,9.24,316.69,20.04,0.009346,0.001707,80.02,0.00111,0.095152,0.508957,0.878614,16.35,8E-06,2.15,1.8,0.533354,0.097805,0.480687,0.50451,1.05,0.390499,4.15,100.23,0.664604,0.000104,0.531643,0.001241,0.068486,3.4E-07,0.864344,1.34,0.001052,0.005082,1.9E-05,0.035829,0.957411,0.017522,2.67,1.89,0.162415,1,0.043224,0.02083,2.5E-05,1.34,1.02,2.36,342.61,2.85,5.2
39,0.394354,0.018002,1.74,0.000214,198.23,2.76,0.004474,0.042095,479.45,5.7E-05,4.5,11.53,1.61,0.000371,0.000155,8.65,0.000227,0.001525,0.350395,472.9,18.87,8E-07,0.113416,0.141051,0.523858,0.030974,0.414353,0.365944,0.347767,0.08203,0.031384,6.92,0.04162,0.248682,0.463667,1.3,0.008775,3.6E-09,0.342938,0.002395,4.5E-05,0.008596,0.006481,0.029698,0.484494,0.002479,3,4.35,0.009124,1,0.007373,0.008413,1.7E-05,0.037081,0.026223,2.75,328.65,2.78,4.75
40,0.122483,0.016369,19.12,0.000902,5930.32,1.15,0.004715,0.049584,542.21,2.9E-05,0.773332,2.32,18.9,0.000324,0.000126,74.23,0.00012,8.6E-05,0.037791,8.72,11.94,2E-06,19.05,0.005681,0.525862,0.001946,0.387121,0.350788,1.02,0.019766,0.069905,0.384266,0.002033,0.003747,0.470057,0.029527,0.007852,1.1E-08,1.18,1.08,8E-06,0.196928,0.000233,0.027988,0.819755,0.001915,2.99,33.39,0.000346,1,0.007589,1.24,0.005612,0.035571,0.004444,2.57,304.65,2.66,4.72
41,0.204482,0.01604,4.46,0.071661,657.07,2.6,0.027406,24.03,556.34,1.5E-05,3.82,2.06,1.34,8E-05,5.8E-05,8.68,0.000285,0.000222,0.007261,0.915703,9.9,2E-06,2.1,3.9E-05,0.521121,0.002391,0.371319,0.349007,0.385324,0.023197,0.064153,1.07,0.000902,0.000107,0.477543,0.001185,0.025472,3.5E-07,0.289104,0.002409,5.5E-05,0.009454,1.8E-05,0.022064,0.514634,0.002352,1.95,2.58,0.000981,1,0.00701,0.066773,2.2E-05,0.061277,0.082813,1.87,330.04,3.05,4.46
42,0.395429,0.014567,1.94,0.001208,276.5,85.14,0.053578,0.1992,552.63,0.001413,9.28,310.38,21.4,0.010034,0.001436,61.84,0.001066,0.091713,0.529046,480.36,9.4,2E-06,0.107471,1.89,0.479907,0.098901,0.402782,0.381608,1.08,0.389132,4.67,95.13,0.671706,0.226282,0.484544,1.43,0.063232,4.4E-09,0.352785,1.19,0.001075,0.004677,0.006325,0.02,0.960876,0.01796,2.11,1.85,0.158236,1,0.00844,0.020656,2.2E-05,1.22,1.04,1.77,362.57,3.08,4.86
43,0.13547,0.015304,18.38,0.000198,358.42,2.69,0.004683,0.047914,537.95,5.2E-05,4.46,11.44,1.33,0.000394,0.000153,9.21,0.000227,0.001483,0.367636,9,7.41,1.2E-05,19.37,0.114978,0.462097,0.031025,0.385069,0.372819,0.50095,0.082242,0.031675,6.91,0.042991,0.003671,0.487684,0.028269,0.009866,1.2E-08,0.848546,0.002357,4.5E-05,0.005142,0.000244,0.018444,0.734062,0.002539,2.01,4.27,0.009331,1,0.008407,0.00889,4E-06,0.037674,0.025386,1.64,385.84,3.57,5.13
44,0.373072,0.015817,4.73,0.000909,213.62,1.12,0.005783,0.052638,528.18,2.8E-05,0.800674,2.35,21.92,0.000117,0.00011,79.64,0.000121,7.5E-05,0.03159,0.867951,7.99,6.1E-08,2.12,0.010915,0.484566,0.001865,0.411059,0.392588,1.14,0.019765,0.064496,0.388015,0.00199,9.3E-05,0.481077,0.001147,0.008015,2.8E-07,0.329188,1.36,1E-05,0.007873,1.4E-05,0.016672,1.08,0.002101,1.66,33.49,0.000376,1,0.00899,1.37,0.005435,0.034898,0.004383,1.57,378.56,3.28,6.9
45,0.119975,0.017111,1.92,0.077148,6008.42,3.25,0.027486,25.19,457.77,1.5E-05,3.71,2.57,1.39,7E-05,6.3E-05,8.39,0.000285,0.000223,0.007085,471.33,6.73,5.2E-07,0.124628,5.3E-05,0.460203,0.002309,0.355109,0.422212,0.278525,0.021864,0.064709,1.1,0.001034,0.213886,0.503894,1.44,0.024196,3.8E-09,1.25,0.002381,5.1E-05,0.204177,0.005588,0.018111,0.565619,0.002299,1.41,2.71,0.00097,1.01,0.010744,0.064465,2.2E-05,0.067142,0.082284,1.38,378.22,3.73,4.81
46,0.379036,0.017056,17.04,0.001153,657.29,83.71,0.049118,0.232619,541,0.001423,8.53,291.91,24.37,0.010201,0.001715,103.42,0.001062,0.101455,0.627701,9.33,5.93,1.1E-05,17.86,1.95,0.231489,0.098424,0.297313,0.416162,1.58,0.376612,3.4,87.09,0.706594,0.003668,0.44937,0.028189,0.064574,1.1E-08,0.28891,0.903705,0.001085,0.008972,0.000244,0.019662,1.23,0.017784,1.26,1.79,0.147956,1,0.009395,0.023674,1.5E-05,1.21,1.05,1.34,401.2,4.49,3.6
47,0.133729,0.015952,4.86,0.000208,274.02,2.65,0.004754,0.031679,534.81,5.1E-05,4.71,11.43,1.44,0.000382,0.000147,8.74,0.000225,0.001426,0.408205,0.884183,6.26,1.3E-07,2.18,0.115696,0.229773,0.023184,0.272965,0.434862,0.560052,0.08259,0.031011,7.31,0.044876,0.000111,0.496572,0.001146,0.011397,2.9E-07,0.360881,0.003135,4.5E-05,0.004723,2.1E-05,0.01727,0.53024,0.002637,1.24,4.37,0.008227,1,0.013214,0.008453,4E-06,0.037902,0.025209,1.26,391.89,3.37,3.47
48,0.374192,0.015778,1.99,0.000887,383.16,1.2,0.006098,0.051888,322.08,2.8E-05,0.824618,2.34,22.31,0.000113,0.00013,87.17,0.000119,7.6E-05,0.03091,466.28,6.41,6.4E-08,0.112962,0.011772,0.244094,0.001915,0.302591,0.441776,0.98705,0.019139,0.065303,0.395317,0.00198,0.218506,0.535792,1.54,0.007629,4.4E-09,0.939908,0.99146,1.2E-05,0.005187,0.005387,0.014649,1.24,0.002031,1.2,35.44,0.000342,1.01,0.013263,1.34,0.00633,0.038185,0.004275,1.4,376.82,3.77,2.48
49,0.146569,0.014489,16.89,0.078319,193.76,3.13,0.027187,23.25,392.64,1.5E-05,3.86,2.14,1.52,6.8E-05,6.7E-05,8.94,0.00029,0.000219,0.008328,9.4,6.83,1.1E-05,16.81,4.7E-05,0.225915,0.002129,0.30499,0.425984,2.95,0.020312,0.0674,1.09,0.001044,0.003592,0.58767,0.034489,0.024854,1.2E-08,0.288702,0.002923,5.3E-05,0.006845,0.000255,0.012319,0.444433,0.002243,1.28,2.59,0.001102,1,0.012811,0.057247,1.6E-05,0.064198,0.087058,1.37,384.86,3.6,2.37
50,0.358863,0.014281,4.96,0.000961,6031.6,88.92,0.049041,0.215608,474,0.001455,7.96,298.4,20.05,0.011475,0.00183,80.61,0.001046,0.084967,0.509334,0.863537,6.14,7E-06,2.14,1.93,0.249879,0.099317,0.317716,0.496456,0.836191,0.397776,1.45,87.42,0.697803,0.000108,0.576426,0.00108,0.066505,3.1E-07,1.26,0.890556,0.001061,0.211016,2E-05,0.012324,1.14,0.01945,1.25,1.84,0.151192,1,0.012577,0.022934,1.7E-05,1.28,1.15,1.19,387.43,3.62,2.36
51,0.123998,0.014405,1.83,0.000212,632.83,2.61,0.004726,0.030899,515.38,5.1E-05,4.72,11.73,1.45,0.000365,0.000155,9.26,0.00023,0.00138,0.384028,474.91,6.34,1.4E-07,0.134674,0.118123,0.247218,0.019554,0.332025,0.515271,2.74,0.083371,0.029075,7.28,0.04213,0.209109,0.500309,1.63,0.01169,4.3E-09,0.282031,0.003249,4.6E-05,0.009029,0.005052,0.012205,0.428027,0.002679,1.26,4.6,0.008522,1,0.015236,0.008061,4E-06,0.037493,0.025131,1.11,387.34,3.9,2.32
52,0.362435,0.2282,16.61,0.000956,266.27,1.2,0.005925,0.052784,569.07,2.8E-05,0.877211,2.39,20.33,0.000118,0.000125,71.67,0.00012,7.6E-05,0.035278,9.23,6.48,4.8E-08,16.18,0.011914,0.250758,0.001793,0.31356,0.53841,0.801484,0.019247,0.062186,0.380724,0.001822,0.003606,0.343782,0.034846,0.007744,9E-09,0.365371,0.977864,1.2E-05,0.004697,0.000245,0.012072,1.3,0.00211,1.32,37.73,0.000376,1,0.017089,1.2,0.006534,0.036489,0.004333,1.2,387.49,4.02,2.36
53,0.116296,0.219496,5.39,0.056171,386.48,2.77,0.028014,23.42,553.65,1.4E-05,3.51,2.17,1.54,6.5E-05,6.6E-05,9.06,0.000278,0.00021,0.006164,0.900191,6.6,4.7E-08,2.24,6.9E-05,0.295707,0.002246,0.344347,0.567993,4.08,0.019493,0.063708,1.08,0.001069,1E-04,0.314833,0.001053,0.023959,3.1E-07,0.993274,0.002693,5.1E-05,0.005193,2.2E-05,0.011909,0.42044,0.002336,1.26,2.85,0.001086,1,0.011919,0.062825,2.2E-05,0.061467,0.084625,1.2,368.28,4.04,2.45
54,0.384156,0.233143,1.96,0.000978,182.21,78.35,0.048051,0.213996,555.66,0.001335,7.67,291.27,20.25,0.011875,0.001571,73.26,0.001036,0.06897,0.495589,410.17,6.44,4.2E-08,0.119848,1.85,0.301858,0.098925,0.374838,0.526508,0.766393,0.397485,0.761928,86.82,0.738217,0.201437,0.318838,1.44,0.066919,4.1E-09,0.309757,1.13,0.001095,0.006634,0.005275,0.011489,1.19,0.018953,1.13,1.82,0.155174,0.994631,0.109906,0.023175,1.4E-05,1.15,1.01,0.917445,311.49,1.1,2.35
55,0.124832,0.2189,17.42,0.000199,6011.45,2.63,0.004935,0.028111,648.58,6.1E-05,4.11,11.69,1.46,0.00034,0.000137,9.52,0.000228,0.001374,0.37519,9.84,6.66,1.9E-07,19.98,0.116793,0.326748,0.018518,0.300768,0.512737,3.41,0.085325,0.030153,6.94,0.044338,0.003707,0.203541,0.037359,0.011899,9.6E-09,1.25,0.002601,4.3E-05,0.210549,0.000272,0.014489,0.422897,0.002466,1.18,5.38,0.0086,1,0.117585,0.008341,4E-06,0.03976,0.026093,0.818904,331.1,1.2,2.32
56,0.367245,0.240987,4.38,0.000972,630.86,1.24,0.005732,0.057681,841.66,2.7E-05,0.868719,2.43,20.01,0.00011,0.000135,69.56,0.000119,7.6E-05,0.029018,0.946969,7.12,3.2E-08,2.23,0.011771,0.276796,0.001959,0.329151,0.426857,0.686646,0.019969,0.067763,0.387789,0.001816,0.000106,0.210556,0.001066,0.007996,3.4E-07,0.285412,1.18,1E-05,0.009092,1.9E-05,0.01408,1.05,0.002084,1.18,42.02,0.000314,1,0.121639,1.26,0.006802,0.033653,0.004435,0.789317,328.66,1.28,2.31
57,0.114265,0.256594,2.09,0.050264,269.46,3.01,0.027052,21.57,854.93,1.4E-05,3.01,2.24,1.55,6.9E-05,9.1E-05,9.09,0.000271,0.000207,0.009762,380.65,7.27,2.9E-08,0.112046,6.2E-05,0.276072,0.002231,0.328727,0.495645,1.43,0.018908,0.068562,1.14,0.00113,0.203891,0.212428,1.02,0.024738,4.4E-09,0.359952,0.002682,5E-05,0.004731,0.005391,0.014116,0.34769,0.002309,1.2,2.64,0.001059,1,0.111695,0.059332,2.2E-05,0.053352,0.085636,0.798015,281.13,1.2,2.44
58,0.330354,0.263147,17.83,0.000816,382.85,75.53,0.04389,0.232952,913.4,0.001342,7.85,283.67,21.1,0.011199,0.001597,59.42,0.000991,0.068558,0.476842,9.91,7.53,1.3E-07,17.54,1.87,0.239277,0.104183,0.332454,0.451306,0.615139,0.390481,0.69098,85.49,0.701747,0.00376,0.220632,0.035877,0.062372,9.4E-09,0.97219,1.16,0.001004,0.005073,0.000279,0.013418,0.973278,0.017601,1.2,1.83,0.129247,1,0.100502,0.023671,1.4E-05,1.13,0.987377,0.732555,272.24,1.33,2.18
59,0.116264,0.275835,4.5,0.000187,174.61,2.66,0.004849,0.04262,909.7,6E-05,4.2,11.59,1.59,0.00032,0.000137,10.2,0.000228,0.001347,0.385446,0.968018,7.63,1.4E-05,2.16,0.117812,0.266971,0.014088,0.337153,0.496427,1.89,0.085231,0.028864,7.48,0.046282,1E-04,0.186426,0.001118,0.012086,3.2E-07,0.323029,0.00266,4.8E-05,0.0067,2.6E-05,0.011973,0.343168,0.002376,1.16,5.52,0.008466,1,0.146082,0.007777,3E-06,0.038135,0.023557,0.715918,262.79,1.33,13.1
60,0.331979,0.262028,2.08,0.001033,5708.52,1.18,0.00581,0.051779,896.36,2.6E-05,0.822563,2.36,21.14,0.000111,0.00013,56.03,0.000119,7.5E-05,0.030761,360.4,6.67,1.2E-05,0.130878,0.011701,0.251553,0.001812,0.346964,0.409292,0.563763,0.020552,0.077799,0.397329,0.001925,0.202712,0.160384,1.01,0.008002,3.8E-09,1.2,1.15,1E-05,0.21515,0.004412,0.011209,0.837306,0.002121,1.04,59.47,0.00031,0.996047,0.185136,1.47,0.005604,0.033026,0.004238,0.669789,259.36,1.3,13.47
61,0.120057,0.270153,16.18,0.047164,630.52,3.24,0.028401,21.17,854.66,1.4E-05,3.89,2.4,1.74,6.6E-05,9.1E-05,10.08,0.000293,0.000209,0.01207,9.62,6.58,1.3E-05,21.28,3.9E-05,0.195743,0.002317,0.307169,0.367984,0.750805,0.019171,0.064905,1.11,0.001058,0.003937,0.167305,0.035292,0.025575,6.3E-08,0.280014,0.002685,5.1E-05,0.008627,0.000276,0.014083,0.382058,0.002358,0.812072,2.15,0.001078,1,0.207773,0.071291,2.2E-05,0.051937,0.08273,0.6223,253.03,1.72,14.52
62,0.3005,0.262164,4.4,0.000925,263.44,83.88,0.053516,0.245848,862.27,0.001291,8.14,302.48,15.27,0.011849,0.001701,43.4,0.001056,0.076141,0.566119,0.97614,6.89,1E-05,2.32,2.23,0.213008,0.112737,0.30418,0.375949,0.512111,0.424396,0.655201,89.77,0.618811,0.000103,0.166465,0.001124,0.068444,1E-08,0.355408,1.05,0.000968,0.005043,2.3E-05,0.168067,0.802864,0.018598,0.747317,0.77647,0.132149,1,0.356915,0.022538,1.6E-05,1.14,1.03,0.597523,239.52,1.66,12.51
63,0.116344,0.279734,1.84,0.000197,389.55,2.6,0.004892,0.032865,882.73,5.6E-05,4.16,11.72,1.99,0.000323,0.000136,10.03,0.000225,0.001461,0.391509,366.73,2.83,3E-06,0.129097,0.120035,0.259216,0.018836,0.304161,0.376984,0.784433,0.084889,0.02865,6.88,0.044279,0.213041,0.166412,1.01,0.0115,6.4E-08,1.03,0.00267,4.3E-05,0.004949,0.004286,0.178381,0.342774,0.002317,0.198193,3.81,0.008928,1,0.076514,0.007354,3E-06,0.037211,0.024467,0.376973,230,1.92,13.91
64,0.343694,0.214873,16.95,0.001049,172.42,1.21,0.005162,0.050279,600.72,2.5E-05,0.858201,2.38,15.55,0.000109,0.000124,43.46,0.000119,8E-05,0.031203,9.58,2.83,2E-06,16.99,0.011134,0.288043,0.001343,0.347828,0.363426,0.561092,0.019634,0.079048,0.387872,0.001957,0.003943,0.173143,0.030157,0.008056,1.2E-08,0.310356,1.12,9E-06,0.007252,0.000278,0.197507,0.895444,0.001996,0.198118,44.96,0.000339,1,0.083408,1.57,0.00543,0.03587,0.004345,0.381375,241.68,1.49,14.67
65,0.116662,0.196342,4.05,0.05036,5590.69,3.47,0.028591,21.94,48.42,1.3E-05,2.91,2.34,1.33,6.3E-05,0.000103,10.19,0.000294,0.000195,0.008805,0.92492,2.33,3E-06,2.55,7E-06,0.317395,0.002251,3.85,0.320827,0.829394,0.019295,0.061833,1.09,0.000826,0.000113,0.164934,0.001037,0.025647,5.2E-08,1.14,0.00264,5.2E-05,0.21852,2.6E-05,0.201823,0.374065,0.002477,0.203608,2.5,0.001124,1,0.078662,0.064479,2.2E-05,0.043729,0.079815,0.401914,249.27,1.5,16.47
66,0.333282,0.210514,1.68,0.00081,637.96,92.74,0.057954,0.215691,594.49,0.001301,9.39,310.49,17.16,0.013408,0.002083,44.98,0.001066,0.083028,0.577399,354.39,2.27,8E-06,0.121003,2.4,0.282797,0.114278,4.14,0.304645,0.590805,0.461798,0.805991,91.7,0.696527,0.201947,0.153898,1.03,0.07969,1.2E-08,0.282631,1.22,0.001026,0.00835,0.004267,0.167869,0.755364,0.020959,0.179755,0.865213,0.149823,1,0.060477,0.023926,1.1E-05,1.32,1.17,0.374437,176.32,1.34,16.92
67,0.112306,0.217062,21.84,0.000198,261.64,2.65,0.004963,0.041879,49.7,6.1E-05,4.12,11.87,1.32,0.000333,0.000142,12.13,0.000228,0.001548,0.396443,9.66,2.13,6E-06,16.54,0.122251,0.251804,0.014163,4.46,0.36012,0.824642,0.083263,0.029773,6.89,0.04557,0.003993,0.15756,0.033779,0.012672,6.3E-08,0.366017,0.002375,3.8E-05,0.004979,0.000286,0.193553,0.375596,0.002374,0.173743,3.66,0.00919,1,0.066497,0.005953,4E-06,0.035982,0.024623,0.361338,175.42,1.25,19.09
68,0.382113,0.219239,20.31,0.001058,391.44,1.26,0.005056,0.0475,713.95,2.6E-05,0.821848,2.4,18.79,9.3E-05,0.00015,44.63,0.000121,8E-05,0.036664,0.955532,2.31,5E-06,2.56,0.01155,0.341728,0.001537,4.22,0.25029,0.562754,0.019351,0.081972,0.393186,0.00195,0.000111,0.158987,0.001138,0.008287,9.6E-09,1.02,1.29,1E-05,0.004965,2E-05,0.217824,0.727098,0.002075,0.187084,49.06,0.000341,1,0.080186,1.58,0.005385,0.033875,0.00418,0.318849,189.29,1.2,16.94
69,0.120542,0.199867,21.11,0.043706,155.96,3.25,0.028233,20.82,54.8,1.3E-05,3.41,2.13,1.27,6.1E-05,1E-04,12.77,0.000297,0.000187,0.008791,347.61,2.28,8E-06,0.141707,7E-06,0.382831,0.002068,3.69,0.232731,0.788618,0.019423,0.060414,1,0.000808,0.196271,0.139902,1.08,0.025305,4E-08,0.315039,0.002356,4.7E-05,0.007942,0.004058,0.205547,0.341788,0.002447,0.131945,2.4,0.001152,1,0.079714,0.066659,2.2E-05,0.04059,0.078892,0.301237,178.05,0.99936,15.45
70,0.375849,0.17841,20.33,0.000667,5605.51,89.87,0.060176,0.203771,741.38,0.001286,9.58,306.88,15.25,0.013681,0.002013,45.64,0.001056,0.09073,0.593878,9.48,2.41,1E-05,16.09,2.32,0.342022,0.112898,4.05,0.207277,0.579403,0.465543,0.527705,91.19,0.750149,0.004008,0.131867,0.033815,0.066085,9.1E-09,1.21,1.22,0.000963,0.232064,0.000287,0.190536,0.744853,0.018403,0.114551,0.853698,0.15003,1,0.081195,0.015825,1E-05,1.45,1.25,0.280473,185.9,1.13,14.47
71,0.124384,0.182277,20.31,0.000202,639.19,2.57,0.005048,0.030401,52.99,5.5E-05,4.35,12.06,1.29,0.000331,0.000129,12.75,0.000223,0.001532,0.393334,0.993319,2.29,1E-05,2,0.11749,0.433511,0.01073,4.42,0.186546,0.81667,0.08314,0.032252,7.18,0.047481,0.000109,0.128653,0.001157,0.013074,4.6E-08,0.286269,0.002443,3.8E-05,0.00803,2.3E-05,0.186606,0.264839,0.002306,0.13146,3.25,0.009945,1,0.082316,0.006674,4E-06,0.03579,0.0257,0.27272,190.08,1.1,16.29
72,0.364994,0.178669,22.01,0.001083,270.64,1.24,0.005019,0.046564,718.46,2.6E-05,0.875042,2.39,15.34,9.4E-05,0.000132,43.02,0.000121,8.6E-05,0.036608,332.39,2.4,6E-06,0.11983,0.011266,0.460926,0.001612,4.72,0.16141,0.542498,0.019241,0.08252,0.411378,0.002036,0.192635,0.133681,1.06,0.008407,9.4E-09,0.379944,1.19,8E-06,0.005203,0.004014,0.199244,0.763039,0.002077,0.135158,66.15,0.000367,1,0.088306,1.61,0.005755,0.038023,0.00476,0.272987,184.19,1.1,16.76
73,0.118787,0.181808,23.54,0.046022,383.76,3.41,0.028926,22.25,45.07,1.2E-05,2.92,2.25,1.37,6.4E-05,0.000108,13.35,0.000298,0.000197,0.008904,9.99,2.43,5E-06,14.31,6E-06,0.480977,0.00204,5.07,0.165549,1.22,0.018499,0.060244,0.979703,0.000835,0.004021,0.136979,0.032367,0.024711,4.6E-08,1.02,0.002386,5E-05,0.004904,0.000295,0.204395,0.25223,0.002574,0.137328,2.4,0.001097,1,0.110022,0.067223,2.3E-05,0.044601,0.077989,0.290301,206.82,1.22,18.84
74,0.342374,0.154464,27.17,0.000599,146.25,91.67,0.059119,0.198597,723.63,0.001259,9.68,305.4,16.53,0.013397,0.002034,40.77,0.001001,0.077186,0.593862,1.01,1.95,5E-06,2.07,2.51,0.465082,0.112054,4.73,0.176092,0.556969,0.441996,0.465901,91.86,0.790182,9.7E-05,0.140575,0.001196,0.063342,1E-08,0.31005,1.12,0.000996,0.008343,2.3E-05,0.20683,0.85029,0.014576,0.125509,0.942253,0.150343,1,0.113924,0.021758,1E-05,1.23,1.18,0.284629,214.42,1.07,13.02
75,0.120286,0.140002,29.05,0.000196,5725.59,2.53,0.004888,0.022089,53.68,5.6E-05,4.38,12.03,1.41,0.000324,0.00014,13.07,0.000233,0.001586,0.390613,330.92,1.92,4E-06,0.096604,0.11863,0.468033,0.010588,3.99,0.198649,0.833555,0.083185,0.032673,6.76,0.049289,0.196787,0.142142,0.926765,0.01154,5.1E-08,1.27,0.002268,4.3E-05,0.256232,0.00405,0.223182,0.255622,0.002485,0.1098,3.38,0.00942,1,0.112106,0.005459,4E-06,0.03609,0.025988,0.278302,216.1,1.24,11.16
76,0.35712,0.153429,19.8,0.000957,641.63,1.28,0.005039,0.04695,799.57,2.6E-05,0.840871,2.34,15.47,8.9E-05,0.000136,41.73,0.000117,8.4E-05,0.035351,10.06,1.7,2E-06,14.15,0.011939,0.442944,0.001722,2.89,0.194889,0.555242,0.018633,0.080941,0.416151,0.001919,0.003992,0.131476,0.031861,0.008181,9.5E-09,0.289794,1.24,1E-05,0.008078,0.000295,0.214701,0.769989,0.001989,0.09475,54.08,0.000341,1,0.107797,1.68,0.006059,0.037949,0.00424,0.261998,201.8,1.38,11.7
77,0.122049,0.162378,17.36,0.050938,262.87,3.16,0.029076,23.3,37.68,1.2E-05,1.86,2.25,1.45,5.9E-05,0.000105,11.94,0.000273,0.000174,0.008394,0.928962,1.91,2E-06,2.05,2.54,0.466609,0.00194,2.32,0.20496,0.761164,0.019144,0.067367,0.879503,0.000816,0.000129,0.132026,0.001085,0.023841,6.8E-08,0.374249,0.002383,4.8E-05,0.005398,2E-05,0.211354,0.258957,0.002387,0.098099,2.35,0.001189,1,0.0997,0.069751,2.2E-05,0.040458,0.075314,0.268144,206.94,1.55,10.31
78,0.352319,0.136406,17.55,0.000661,382.56,93.28,0.053455,0.195914,823.87,0.001261,9.14,305.46,17.23,0.013521,0.002123,44.14,0.001024,0.084733,0.59023,333.36,2.13,2E-06,0.101837,0.122851,0.02841,0.119255,2.33,0.202946,0.607637,0.447794,0.445177,90.41,0.77122,0.193879,0.116242,0.984043,0.063072,9.4E-09,1.03,1.37,0.001054,0.004855,0.004143,0.206808,1.03,0.011851,0.091484,0.94303,0.152654,1,0.102084,0.023366,1E-05,1.15,1.28,0.310488,181.99,1.63,12.68
79,0.129594,0.136713,16.97,0.000197,142.55,2.47,0.004854,0.018722,37.3,5.5E-05,3.74,12.06,1.48,0.000323,0.000146,11.92,0.000229,0.00161,0.374819,10.22,1.8,3E-06,14.53,0.013822,0.455692,0.008032,1.99,0.192905,0.790503,0.086322,0.032422,7.65,0.042107,0.004192,0.122573,0.030506,0.012747,4.6E-08,0.307908,0.002692,4.3E-05,0.007305,0.000314,0.233669,0.310248,0.00259,0.095897,3.44,0.008754,1,0.087021,0.006762,4E-06,0.035491,0.026798,0.304406,199.32,1.79,10.98
80,0.348502,0.136704,15.94,0.001011,5678.19,1.21,0.005202,0.050176,714.38,2.8E-05,0.833642,2.17,17.05,9.9E-05,0.000111,36.06,0.000118,9.9E-05,0.030479,0.906368,1.66,2E-06,2.02,7E-06,0.02926,0.001565,1.89,0.202654,0.621777,0.018791,0.08057,0.400312,0.001866,0.000112,0.12345,0.001259,0.008106,8.9E-09,1.28,1.46,1.1E-05,0.263983,2.2E-05,0.228099,0.52751,0.002051,0.100155,30.26,0.000352,1,0.036034,1.78,0.005693,0.041235,0.004453,0.253599,182.51,1.85,7.58
81,0.110924,0.122261,15.43,0.042836,638.65,3.68,0.03018,22.09,39.51,1.4E-05,1.74,2.24,1.58,6.3E-05,0.000118,12.76,0.0003,0.000191,0.007235,337.63,1.65,4E-06,0.112904,2.43,0.551352,0.002143,1.95,0.18666,0.696178,0.017643,0.047484,0.977628,0.000832,0.194469,0.121757,0.970011,0.024241,3E-08,0.294401,0.002761,5.3E-05,0.008146,0.004163,0.261975,0.309534,0.002371,0.102315,2.52,0.001103,1.01,0.038114,0.067304,2.2E-05,0.046901,0.081977,0.2724,165.98,1.95,7.38
82,0.326237,0.108343,14.24,0.000649,254.32,98.73,0.061949,0.197718,711.51,0.001266,9.73,296.24,17.02,0.013948,0.0022,35.42,0.001108,0.095887,0.61193,9.97,1.42,4E-06,11.63,0.11572,0.029524,0.116642,2.01,0.209115,0.64635,0.459609,0.455395,92.96,0.842933,0.004256,0.119901,0.029582,0.06662,9.2E-09,0.375863,1.56,0.001078,0.005399,0.000324,0.251142,0.403037,0.012403,0.092499,0.943463,0.166565,1,0.031544,0.021639,1.3E-05,1.05,1.43,0.256818,160.07,1.92,7.18
83,0.105792,0.039141,15.96,0.000203,394.77,2.62,0.005003,0.02554,38.21,5.5E-05,3.85,11.89,1.52,0.000325,0.000147,14.91,0.000234,0.001564,0.380865,0.888812,1.38,3E-06,1.93,0.014605,0.591069,0.007836,1.86,0.222387,0.814017,0.084924,0.034454,7.95,0.044324,0.000121,0.122444,0.001111,0.010477,3.4E-08,1.06,0.00302,4.3E-05,0.004827,2.3E-05,0.291858,0.354715,0.00271,0.082104,3.48,0.008249,1,0.031973,0.007898,4E-06,0.035501,0.029057,0.219194,177.45,1.75,7.29
84,0.309642,0.10631,17,0.000923,145.24,1.23,0.005346,0.049833,719.77,2.8E-05,0.862522,2.17,15.95,0.000103,0.00014,37.02,0.000121,9.9E-05,0.034291,316.72,1.3,2E-06,0.126416,8E-06,0.02928,0.0017,1.9,0.250251,0.598858,0.018777,0.081001,0.409928,0.002362,0.192662,0.119301,0.957763,0.008333,1E-08,0.299194,1.54,1E-05,0.008051,0.003976,0.233817,0.328089,0.002013,0.078365,25.23,0.000402,1.01,0.063827,1.75,0.006125,0.043029,0.004012,0.199242,191.15,1.65,7.86
85,0.129138,0.039318,6.59,0.048995,5831.79,3.74,0.031935,20.74,41.48,1.4E-05,1.82,2.4,1.52,7.2E-05,0.000141,10.25,0.000326,0.000212,0.008805,10.1,1.32,1E-06,12.57,2.41,0.573883,0.002163,2,0.212881,1.42,0.018771,0.051139,1.1,0.000829,0.004647,0.135197,0.029269,0.026453,3E-08,1.32,0.003391,5.4E-05,0.25732,0.000321,0.213678,0.385345,0.002601,0.080876,2.75,0.001331,1,0.065761,0.076746,2.3E-05,0.051103,0.091081,0.205576,211.24,116.67,7.16
86,0.388379,0.107811,16.18,0.000557,640.38,98.19,0.078187,0.192784,885.65,0.001317,10.31,308.69,15.25,0.016084,0.002304,34.42,0.001085,0.122361,0.655255,0.904096,1.29,4E-06,2.01,0.119565,0.028628,0.129426,2.01,0.224078,0.585068,0.447615,0.480731,91.54,0.903653,0.000128,8.73,0.000977,0.070881,9.3E-09,0.292971,1.52,0.001188,0.008767,2.4E-05,0.195823,0.290931,0.012962,0.077563,0.901964,0.155159,1,0.069121,0.023307,1.5E-05,0.990215,1.49,0.195051,178.37,0.846558,7.29
87,0.096274,0.108234,6.6,0.000208,251.99,2.57,0.004796,0.035552,34.91,5.5E-05,4.06,11.78,1.51,0.000324,0.000147,8.07,0.00023,0.001581,0.388078,307.91,1.37,7.4E-07,0.132714,0.014963,0.551466,0.007135,1.91,0.226868,1.52,0.088853,0.035484,8.3,0.044803,0.180406,9.77,0.860242,0.011192,2.9E-08,0.37441,0.002582,4E-05,0.005418,0.003753,0.194524,0.421578,0.002867,0.086668,3.56,0.008179,1.01,0.069576,0.007726,4E-06,0.034509,0.025869,0.214041,198.73,111.44,7.25
88,0.372352,0.114681,16.73,0.000872,400.87,1.12,0.005324,0.050482,818.06,2.6E-05,0.834402,2.22,14.37,0.000101,0.000126,30.96,0.000123,0.000105,0.033856,9.88,1.43,2E-06,12.33,1.2E-05,0.029285,0.001679,1.83,0.237977,0.547081,0.018406,0.085284,0.409897,0.001894,0.004773,8.38,0.021709,0.008202,9.5E-09,1.1,1.52,1E-05,0.004872,0.00033,0.180977,0.277054,0.002076,0.093419,22.78,0.000343,1,0.072877,1.59,0.006091,0.043403,0.004058,0.239479,241.43,0.774101,7.56
89,0.112345,0.11175,6.68,0.063566,140.52,3.96,0.03141,21.22,35.96,1.5E-05,1.91,2.44,1.53,7.5E-05,0.000141,6.42,0.000334,0.000249,0.044253,0.895711,1.4,1E-06,0.834222,1.94,0.573793,0.002171,1.45,0.295401,0.725287,0.020223,0.05696,1.19,0.000912,0.000132,6.83,0.001037,0.027855,1.9E-08,0.355516,0.002162,5.3E-05,0.008489,2.4E-05,0.193952,0.44371,0.002773,0.097159,2.64,0.001401,1,0.070495,0.060022,2.3E-05,0.055838,0.097468,0.22879,248.86,132.78,6.71
90,0.34654,0.110354,17.66,0.000605,5647.21,108.7,0.081689,0.1984,856.45,0.001409,10.64,315.8,13.8,0.017995,0.002367,29.95,0.001084,0.113442,0.692522,314.68,1.43,2E-06,11.54,0.186907,0.02682,0.124093,1.35,0.278058,0.541816,0.458944,0.449816,93.22,0.883183,0.192428,5.53,1.04,0.074751,9.8E-09,1.3,1.71,0.001143,0.260489,0.004386,0.201133,0.273466,0.013688,0.095387,0.979057,0.159599,1.01,0.071527,0.026873,1E-05,1.06,1.41,0.195779,248.73,0.800344,6.52
91,0.111649,0.042117,5.93,0.000206,636.79,2.53,0.004871,0.028601,24.83,6.1E-05,3.65,11.71,1.51,0.000325,0.000148,6.67,0.000233,0.00159,0.395127,10.29,1.44,3E-06,0.856889,0.0189,0.617087,0.00706,1.25,0.909222,1.18,0.089,0.037266,7.36,0.037673,0.004867,5.95,0.022223,0.011557,1.9E-08,0.294517,0.002174,4.5E-05,0.007982,0.000321,0.19011,0.402849,0.002763,0.099876,3.31,0.008613,1,0.080683,0.003899,4E-06,0.035099,0.026483,0.202294,287.81,149.03,6.75
92,0.345672,0.136701,16.97,0.001047,249.51,1.12,0.006045,0.048357,747.95,2.5E-05,0.886126,2.29,15.16,0.000105,0.000162,29.11,0.000122,0.000104,0.034065,0.791829,1.36,2E-06,12.75,0.000374,0.027696,0.001731,1.29,0.214795,0.581523,0.018614,0.090255,0.404696,0.00214,0.000127,6.3,0.000949,0.008262,1E-08,0.379713,1.63,1.1E-05,0.005377,2.5E-05,0.099893,0.267405,0.002224,0.098469,35.68,0.000364,1,0.082722,1.49,0.0061,0.04263,0.004357,0.188478,283.01,0.827619,6.68
93,0.111691,0.042405,7.17,0.043667,390.41,4.5,0.03231,22.66,22.28,1.6E-05,1.97,2.46,1.54,8.1E-05,0.000154,7.16,0.000371,0.000257,0.009582,299.25,1.4,3E-06,0.816321,1.82,0.585899,0.00213,1.23,1.11,0.70878,0.020142,0.057732,1.2,0.001009,0.192903,6.84,1.03,0.028308,1.7E-08,1.08,0.00196,5.8E-05,0.004784,0.004225,0.102539,0.46598,0.00288,0.085343,2.54,0.001457,1.01,0.084376,0.066155,2.2E-05,0.058472,0.102295,0.196167,282.21,155.36,7.08
94,0.323176,0.145038,16.83,0.000613,138.13,111.9,0.13571,0.20254,683.07,0.001596,21.5,786.93,12.67,0.011307,0.002353,19.42,0.002079,0.430083,0.938631,10.52,18.92,2E-06,12.62,0.184994,0.027077,0.087566,1.19,0.223635,0.309446,0.472199,6.23,180.14,0.979356,0.004159,6.94,0.020644,0.179131,9.2E-09,0.407483,0.900375,0.001102,0.008412,0.000316,0.091431,0.17235,0.072871,6.3,1.02,0.270129,0.999997,0.075019,0.025655,1E-05,5.34,1.56,3.57,291.56,0.799989,7.08
95,0.113577,0.03697,6.37,0.000195,5446.91,3.23,0.003775,0.01766,20.87,5.1E-05,2.27,8.91,1.97,0.000239,0.000142,21.23,0.000214,0.001052,0.198667,0.934348,18.66,3E-06,0.751327,0.017741,0.572049,0.039043,3.12,1.34,0.331256,0.070998,0.027265,8.95,0.032798,0.000132,10.15,0.001343,0.006275,2E-08,1.31,0.003518,3.7E-05,0.248414,2.7E-05,0.097625,0.162995,0.001629,6.59,3.21,0.008876,1,0.079694,0.004107,4E-06,0.023023,0.017922,0.139444,301.88,146.15,6.87
96,0.355496,0.167086,17.39,0.026324,636.19,0.812095,0.00321,0.046554,856.07,2.5E-05,0.761689,2.17,12.25,0.000176,7.5E-05,19.66,0.000128,8.4E-05,0.044208,320.88,19.65,2E-06,11.79,3E-05,0.023054,0.001615,3.05,0.20704,0.337734,0.012467,0.067457,0.395225,0.001934,0.220927,8,1.15,0.006045,1E-08,0.292457,0.8291,1.2E-05,0.007949,0.005046,0.107523,0.159343,0.001732,6.97,54.15,0.000524,1.01,0.072181,1.93,0.00637,0.02041,0.004737,3.91,290.37,0.831166,8.18
97,0.10876,0.128985,5.96,0.000606,245.31,2.25,0.019006,21.8,20.55,7E-06,5.74,2.39,2.16,8E-05,5.1E-05,17.03,0.000242,0.000265,0.904582,10.66,19.14,2E-06,0.830785,2.12,0.622448,0.001459,3.08,1.02,0.303948,0.02785,0.045428,0.567552,0.001434,0.003923,11.72,0.022648,0.019224,1.5E-08,0.376132,0.003602,3.9E-05,0.00526,0.000324,0.115987,0.171042,0.00221,6.68,2.52,0.000474,1,0.063063,0.064851,2.2E-05,0.051378,0.037214,0.145139,397.88,147.05,8.13
98,0.328426,0.129093,17.25,0.000202,378.55,111.59,0.135587,0.207666,956.87,0.001573,21.91,677.39,12.24,0.011276,0.002217,15.62,0.00208,0.355778,0.178465,0.999278,19.58,3E-06,11.91,0.18075,0.023005,0.088495,3,0.203129,0.286597,0.456551,5.3,168.15,0.932741,0.000152,5.26,0.001335,0.160994,9.9E-09,1.07,0.634372,0.001068,0.004858,3E-05,0.112664,0.155637,0.064424,6.36,1.07,0.244286,1,0.063078,0.023822,1.4E-05,4.93,1.6,4.24,39.52,0.823663,9.45
99,0.106801,0.100405,6.62,0.023514,135.19,3.28,0.003749,0.020471,21.03,4E-05,2.29,8.82,2.06,0.000238,0.00016,14.73,0.000217,0.001044,0.049046,309.07,21.42,3E-06,0.910024,0.01754,0.752239,0.038048,3.19,0.598173,0.268239,0.071512,0.027526,7.6,0.030191,0.194292,3.76,1.09,0.00619,1.6E-08,0.40557,0.003497,3.7E-05,0.009382,0.003962,0.140328,0.169063,0.001667,7.08,3.26,0.009329,1.01,0.05394,0.004909,5E-06,0.022736,0.019459,0.145641,383.47,116.27,7.77
100,0.392189,0.098723,17.65,0.000618,4826.48,0.798486,0.003211,0.05821,1187.1,2.6E-05,0.819114,2.15,12.81,0.000159,8.2E-05,14.8,0.00013,8.6E-05,0.008469,10.83,20.19,2E-06,12.24,5.3E-05,0.019519,0.001586,2.95,0.207685,0.269478,0.013174,0.067891,0.401147,0.001899,0.004125,2.77,0.019923,0.006056,9.3E-09,1.3,0.628593,1.2E-05,0.264439,0.000341,0.14864,0.180641,0.00174,7.69,53.16,0.00054,1,0.056549,1.59,0.006539,0.022446,0.005829,4.29,39.98,0.892687,7.96
101,0.105492,0.091914,5.74,0.000205,641.07,2.43,0.020195,22.57,21.26,7E-06,5.38,2.37,2.06,6.9E-05,4.8E-05,14.14,0.000243,0.000259,0.978103,1.03,21.34,2E-06,0.960703,2.13,0.70077,0.001479,3.02,0.640135,0.257284,0.026924,0.046629,0.565711,0.001427,0.000141,1.78,0.0014,0.020046,1.9E-08,0.291363,0.00325,3.8E-05,0.008234,3E-05,0.137441,0.149915,0.002521,8.35,2.29,0.000369,1,0.063339,0.067291,2.1E-05,0.050466,0.038424,0.175187,448.62,104.41,6.81
102,0.336384,0.074201,17.14,0.020874,247.05,135.73,0.175528,0.212524,1002.91,0.001768,29.04,626.42,10.79,0.013182,0.00233,15.83,0.002363,0.440084,0.182955,294.66,20.79,1E-05,15.18,0.179951,0.017804,0.09423,3.94,0.236256,0.265448,0.558838,5.7,203.21,1.08,0.180246,1.74,0.969287,0.196383,8.7E-09,0.386266,0.620125,0.001197,0.005182,0.003682,0.119409,0.159054,0.081415,7.12,1.08,0.302831,1.01,0.071079,0.0247,1.2E-05,5.09,1.89,3.83,38.67,0.926911,7.12
103,0.098875,0.076304,6.94,0.00057,362.3,3.23,0.003828,0.035886,18.51,4.4E-05,2.36,8.96,2.07,0.000255,0.000155,16.29,0.000218,0.001001,0.046558,10.81,20.7,3E-06,1.04,0.017882,0.653036,0.038503,3.04,0.595494,0.285156,0.07206,0.02651,7.89,0.03268,0.004125,1.81,0.024493,0.006259,1.5E-08,1.04,0.00435,3.9E-05,0.004753,0.000348,0.117074,0.167159,0.001655,6.98,3.17,0.009282,1,0.076137,0.00475,4E-06,0.023054,0.019237,0.165977,471.99,107.57,6.3
104,0.339668,0.092153,17.37,0.000206,130.9,0.85789,0.003241,0.073312,704.53,2.6E-05,0.78522,2.08,15.19,0.000166,7.3E-05,15.96,0.00013,8.5E-05,0.008282,0.927974,21.68,3E-06,13.97,2.6E-05,0.017882,0.001524,3.05,0.231458,0.303869,0.012961,0.069696,0.39204,0.002194,0.000164,1.51,0.000967,0.006098,9.8E-09,0.395318,0.589681,1.4E-05,0.00897,3.1E-05,0.103334,0.160195,0.001741,7.03,33.84,0.000536,1,0.068397,1.59,0.006213,0.021368,0.004801,4.62,38.2,0.929298,5.59
105,0.097165,0.104333,6.49,0.024191,4781.99,2.08,0.016991,19.63,20.05,8E-06,5.43,2.38,2.31,6.4E-05,4.4E-05,14.97,0.000245,0.000276,1.02,298.89,22.95,2E-06,1.07,2.12,0.645019,0.00151,2.67,0.558769,0.240709,0.025279,0.046831,0.564761,0.001428,0.186642,1.67,0.957094,0.018991,1.6E-08,1.32,0.004857,4.1E-05,0.260733,0.003661,0.108202,0.192157,0.002861,7.7,2.72,0.000384,1,0.072776,0.064293,2.1E-05,0.048615,0.041284,0.201881,451.69,126.14,5.75
106,0.29512,0.112748,16.65,0.000598,618.99,139.12,0.151971,0.187855,803.14,0.00175,25.77,632.3,10.02,0.011833,0.002496,15.51,0.001988,0.453855,0.176627,10.87,22.07,4E-06,11.59,0.182646,0.017446,0.095291,2.64,0.217144,0.186555,0.494142,7.43,173.39,1.19,0.003706,1.68,0.02284,0.198885,8.7E-09,0.293798,0.615858,0.001267,0.007978,0.000351,0.107195,0.198072,0.059843,7.42,1.1,0.332173,1,0.101364,0.024504,1.2E-05,5.37,1.79,4.86,38.22,1.02,6.48
107,0.107767,0.098542,5.81,0.000177,244.94,3.2,0.003949,0.021459,23.41,4.4E-05,2.51,9.09,2.05,0.000262,0.000161,12.93,0.000217,0.001025,0.045926,0.926032,23.27,2E-06,1.13,0.017311,0.681455,0.038778,2.11,0.516762,0.174334,0.070258,0.024775,7.93,0.031792,0.000142,1.55,0.001118,0.006096,2.2E-08,0.387186,0.0053,3.9E-05,0.005037,3E-05,0.086313,0.176617,0.001665,7.76,3.35,0.009208,1,0.090422,0.004213,4E-06,0.024458,0.019269,0.195036,456.94,166.19,7.15
108,0.329788,0.10906,16.49,0.026247,361.56,0.885981,0.003204,0.074303,777.4,2.5E-05,0.797614,2.16,7.3,0.000151,6.4E-05,15.24,0.000133,8.5E-05,0.010905,296.26,18.4,4E-06,10.81,1.1E-05,0.014841,0.001564,2.5,0.208581,0.164313,0.012663,0.071915,0.386268,0.002142,0.180309,1.36,0.975481,0.006261,9.1E-09,1.04,0.47303,1.6E-05,0.004871,0.00344,0.090036,0.127892,0.001766,8.09,33.01,0.000529,0.9988,0.105231,1.41,0.006124,0.02184,0.004024,5.21,38.52,1.07,7.77
109,0.103524,0.13576,7.03,0.00058,130.59,1.87,0.016822,21.71,24.38,7E-06,5.67,2.32,1.92,4.8E-05,4.2E-05,14.89,0.000243,0.00023,0.878238,11,18.36,3E-06,1.09,2.18,0.975621,0.001586,2.24,0.486761,0.191859,0.028579,0.047593,0.55754,0.001427,0.003885,1.28,0.021889,0.018799,1.7E-08,0.390464,0.004864,3.7E-05,0.009861,0.00036,0.099861,0.095903,0.003426,7.96,2.69,0.000348,1,0.113939,0.066257,2.5E-05,0.051826,0.041514,0.199471,472.97,149.5,6.95
110,0.319145,0.154256,15.97,0.000201,4772.02,137.1,0.136213,0.222018,725.36,0.001679,19.93,621.62,7.81,0.010722,0.002394,16.13,0.002026,0.549802,0.171072,0.895637,18.84,3E-06,10.05,0.191421,0.016303,0.090219,1.62,0.232662,0.167172,0.454489,4.49,163.37,1.14,0.000151,1.34,0.000915,0.165456,9.8E-09,1.28,0.706544,0.001303,0.251825,3.5E-05,0.11274,0.07874,0.048896,8.07,1.12,0.329155,1,0.113631,0.024622,1.2E-05,5.47,1.69,4.92,40.15,1.05,8.27
111,0.090533,0.133556,6.45,0.028287,616.75,3.27,0.004024,0.020768,24.6,4.4E-05,2.22,8.9,2.04,0.000268,0.000155,13.85,0.000219,0.000993,0.045387,300.47,20.74,4E-06,1.12,0.016375,0.913869,0.040627,1.69,0.480966,0.146783,0.070215,0.024663,7.62,0.032387,0.170845,1.28,1.02,0.006218,1.5E-08,0.295766,0.005345,3.8E-05,0.007543,0.003548,0.12567,0.083931,0.001649,9.46,3.22,0.009651,1,0.119338,0.004282,4E-06,0.025238,0.019771,0.188528,451.73,141.43,10.04
112,0.307092,0.166307,11.84,0.000622,243.93,0.845926,0.003224,0.069103,778.44,2.6E-05,0.855073,2.19,5.91,0.000179,6.8E-05,9.41,0.000132,8.2E-05,0.009945,11.09,20.33,8E-06,10.31,1.1E-05,0.016483,0.00157,1.99,0.149664,0.12857,0.012508,0.072128,0.404663,0.001714,0.003722,1.26,0.019637,0.006617,8.9E-09,0.386863,0.678389,1.5E-05,0.004983,0.000353,0.110635,0.086399,0.00192,7.49,40.74,0.00053,1,0.124472,1.31,0.005454,0.02241,0.003904,4.89,41.41,0.999183,10.71
113,0.103128,0.184371,9.96,0.000235,365.03,1.69,0.016459,22.66,22.71,7E-06,6.12,2.36,2.13,4.4E-05,4.9E-05,10.54,0.000232,0.00024,0.836824,0.89905,21.57,7E-06,1.12,2.04,0.966393,0.001395,2.3,0.196189,0.113241,0.029013,0.046244,0.562741,0.001291,0.000151,1.26,0.001112,0.018999,1.2E-08,1.13,0.005623,3.7E-05,0.004824,3.7E-05,0.116678,0.072172,0.00213,8.7,2.57,0.000355,1,0.108918,0.061635,2.6E-05,0.051861,0.040904,0.230596,442,127.3,9.82
114,0.311773,0.193365,9.93,0.028122,130.69,122.57,0.133966,0.202939,844.86,0.001641,19.33,643.57,5.76,0.010392,0.002311,9.32,0.002072,0.220855,0.184032,305.71,19.66,8E-06,9.05,0.182086,0.017285,0.090413,2.39,0.46278,0.111927,0.478385,4.54,168.44,0.92445,0.171728,1.35,0.92864,0.135114,1.1E-08,0.389456,0.527395,0.001139,0.009663,0.003563,0.150954,0.07233,0.043639,7.11,1.1,0.361207,1.01,0.100673,0.022403,1.2E-05,4.69,1.67,5.07,42.85,0.939071,11.45
115,0.091162,0.192928,10.74,0.000588,4610.48,3.2,0.004037,0.023586,16.87,5E-05,2.11,9.1,2.19,0.000261,0.000159,9.54,0.00022,0.000957,0.042404,10.8,17.45,5E-06,1.06,0.01727,0.915543,0.039732,2.13,0.196536,0.113279,0.069428,0.024022,7.54,0.031989,0.003664,1.24,0.021009,0.006277,1E-08,1.32,0.005709,3.8E-05,0.279944,0.000361,0.160156,0.072682,0.001722,8.6,3.29,0.009513,1,1.86,0.00457,4E-06,0.025394,0.020793,0.289737,446.79,145.68,11.67
116,0.285228,0.194387,9.29,0.000221,619.11,0.811613,0.003325,0.084898,754.35,2.4E-05,0.86095,2.15,6.14,0.000199,6.3E-05,9.38,0.00013,8E-05,0.009008,1.01,17.54,6E-06,8.82,1.1E-05,0.016359,0.001477,2.43,0.487061,0.118916,0.011937,0.071114,0.387684,0.00231,0.000172,7.33,0.001304,0.006122,1.2E-08,0.294155,0.360835,1.3E-05,0.00731,3.6E-05,0.143473,0.081502,0.001908,9.36,2.85,0.000527,1,0.006424,1.3,0.006238,0.02167,0.003569,5.15,43.31,0.746813,11.96
117,0.106252,0.193183,9.39,0.026915,242.3,1.8,0.017449,28.22,19.25,8E-06,6.32,2.37,2.18,4.5E-05,4.5E-05,9.67,0.000243,0.000241,0.786251,287.43,17.51,4E-06,1.08,1.96,0.813864,0.001438,3.08,0.082429,0.110449,0.029519,0.045224,0.595471,0.001181,0.166887,7.15,0.923561,0.019436,9E-09,0.375436,0.006782,3.9E-05,0.005031,0.003656,0.162304,0.080591,0.001898,9.39,1.13,0.000394,1,1.91,0.071837,2.1E-05,0.05135,0.043125,0.60376,487.02,192.11,11.73
118,0.257976,0.801575,9.14,0.000541,352.94,118.81,0.13427,0.209545,853.51,0.001582,17.18,566.63,6.38,0.010135,0.002244,10.21,0.001908,0.187464,0.173763,10.75,17.49,8E-06,8.18,0.180751,0.013843,0.086584,3.1,0.473447,0.12034,0.455804,4.5,160.03,0.854168,0.003749,7.26,0.025605,0.126009,1.1E-08,1.05,0.286548,0.001153,0.004787,0.000368,0.181599,0.091083,0.040193,10.62,3.44,0.21577,1,0.005605,0.02261,1.2E-05,3.98,1.57,4.99,43.51,0.795483,11.78
119,0.105261,0.019024,11.4,0.000222,126,3.23,0.004018,0.029615,25.4,4.4E-05,2.05,9.13,2.31,0.000257,0.000145,10.12,0.000218,0.000984,0.043215,0.989789,17.31,1.1E-05,1.06,0.017121,0.942575,0.039466,3.05,0.069083,0.124933,0.071655,0.023766,7.81,0.033022,0.000162,7.09,0.001504,0.006432,7.4E-09,0.4032,0.006194,3.3E-05,0.009451,3.6E-05,0.184348,0.096384,0.001691,10.4,3.08,0.01018,1,2.25,0.005274,4E-06,0.027315,0.019236,0.66548,557.6,202.68,11.14
120,0.258812,0.85184,9.04,0.023834,4426.89,0.679517,0.003258,0.088782,819.77,2.4E-05,0.903269,2.08,6.23,0.000213,6.1E-05,10.42,0.000128,7.6E-05,0.008669,291.69,17.48,8E-06,8.86,7E-06,0.014504,0.001417,3.54,0.530024,0.119649,0.011637,0.074107,0.390148,0.002312,0.166645,7.72,1.06,0.005817,1.2E-08,1.33,0.165387,1E-05,0.23861,0.003638,0.182072,0.099061,0.001867,10.48,1.08,0.000572,1,0.004827,1.33,0.006466,0.021459,0.003429,5.18,43.65,0.850386,71.31
121,0.092682,0.019459,11.1,0.000522,617.12,1.78,0.016936,28.52,26.1,8E-06,6.78,2.32,2.43,4.9E-05,4.6E-05,10.55,0.000248,0.000282,0.766538,10.77,16.26,0.000681,1.05,1.97,1.07,0.001483,3.68,0.208341,0.115802,0.027914,0.046366,0.53174,0.001361,0.003828,7.17,0.026996,0.019785,9.9E-09,0.29995,0.005724,3.8E-05,0.007377,0.000354,0.175942,0.09534,0.001957,9.3,3.33,0.000433,1,2.51,0.069499,2.1E-05,0.049295,0.044323,0.899224,524.34,224.14,1.73
122,0.249346,1.03,8.73,0.000213,242.97,114.89,0.139836,0.204495,813.8,0.001758,15.8,566.68,4.83,0.009414,0.00231,10.57,0.001891,0.144707,0.172551,1.06,17.38,0.000632,8.73,0.169851,0.012503,0.085051,3.68,0.476653,0.109048,0.467958,3.49,158.61,0.864375,0.00015,7.35,0.001329,0.112254,1.2E-08,0.382846,0.10279,0.001206,0.005375,3.6E-05,0.161644,0.090665,0.040535,8.68,2.68,0.218445,1,0.004755,0.010634,1.3E-05,4.09,1.5,5.16,44.25,0.593843,66.56
123,0.092047,0.020304,10.65,0.023237,336.19,3.21,0.004048,0.02936,20.95,4.9E-05,2.17,8.51,2.49,0.000262,0.000164,10.37,0.000219,0.001028,0.045131,230.67,16.83,0.000928,1.07,0.018379,1.09,0.04016,3.43,0.137461,0.109435,0.073617,0.024076,7.91,0.026748,0.202065,8.46,0.434769,0.006547,1.2E-08,1.06,0.005116,3.9E-05,0.004765,0.007476,0.213433,0.094939,0.001733,6,1.14,0.009937,1.04,2.53,0.004941,4E-06,0.026744,0.020249,0.928007,490.08,169.5,1.87
124,0.289654,1.01,8.88,0.000569,126.94,0.697633,0.003351,0.085455,779.03,2.4E-05,0.775097,2.14,5.18,0.000213,6.2E-05,9.82,0.00013,8E-05,0.006657,14.08,14,0.001071,8.5,7E-06,0.011161,0.001481,3.58,0.574396,0.10478,0.011954,0.069171,0.391113,0.002342,0.001875,8.57,0.011745,0.005907,1.3E-08,0.403669,0.139302,1.1E-05,0.00924,0.000325,0.013295,0.097724,0.0019,5,3.49,0.000522,1,0.005178,1.34,0.007463,0.021268,0.003527,5.28,43.92,0.512988,78.8
125,0.098045,0.017847,11.51,0.000213,4370.81,1.74,0.01667,19.96,20.96,8E-06,6.99,2.31,2.62,4.7E-05,5.1E-05,80.78,0.000251,0.000282,0.813353,231.91,1.8,0.001246,1.09,1.97,1.08,0.001426,3.36,0.239488,2.53,0.030264,0.045918,0.526897,0.001158,0.000177,8.62,0.000829,0.019064,1.2E-08,1.23,0.005056,3.9E-05,0.234039,0.007797,0.217956,1.66,0.002165,4.85,31.7,0.000336,1,2.46,0.076088,2.2E-05,0.0487,0.048003,0.953506,496.82,167.44,1.88
126,0.32429,0.986459,9.03,0.024002,613.02,112.05,0.137132,0.228575,66.08,0.001558,14.12,578.85,5.34,0.009586,0.00231,10.34,0.001823,0.143423,0.174462,12.73,13.81,0.001235,8.89,0.178928,0.011914,0.086644,2.38,0.540673,0.311289,0.424966,3.6,165.95,0.857763,0.186042,7.42,0.426776,0.126158,1.5E-08,0.304065,0.170252,0.001072,0.007382,0.000314,0.012996,0.273518,0.042299,5.22,2.46,0.23172,1.01,0.00546,0.024891,1.2E-05,4.1,1.64,5.09,44.68,0.377319,81.01
127,0.101366,0.01725,11.63,0.000558,246.06,3.34,0.004017,0.033535,73.98,4.5E-05,2.09,8.63,2.59,0.000271,0.000159,83.2,0.000224,0.001074,0.04717,194.91,1.57,0.001459,1.1,0.016309,1.03,0.043597,0.40742,0.188386,2.71,0.072075,0.024853,7.69,0.025933,0.001676,7.21,0.012293,0.006423,1E-08,0.387116,0.004658,3.9E-05,0.005328,0.008059,0.267043,1.75,0.001735,4.61,1.15,0.009943,1,2.69,0.005192,6E-06,0.026377,0.020292,0.911588,513.66,169.11,1.66
128,0.296371,0.961804,9.33,0.000245,330.08,0.714499,0.003307,0.085704,79.22,2.4E-05,0.779733,2.06,4.64,0.000215,6.3E-05,10.86,0.000128,8.8E-05,0.006028,12.35,14.4,0.00126,9.05,7E-06,0.011371,0.001456,2.43,0.696971,0.302058,0.012505,0.07048,0.395824,0.001996,0.000185,5.88,0.000812,0.006049,1.5E-08,1.08,0.110101,1E-05,0.00473,0.000262,0.014477,0.229878,0.001972,4.97,3.6,0.000546,1,0.005409,1.31,0.007851,0.021984,0.003578,5.77,43.46,0.370099,75.05
129,0.102856,0.018918,12.12,0.023492,129,1.63,0.015981,18.1,79.37,8E-06,6.66,2.26,2.42,4.5E-05,5.7E-05,90.65,0.000214,0.000257,0.763634,170.51,1.64,0.001285,1.06,1.94,0.949392,0.001366,0.386489,0.229343,2.92,0.027329,0.045798,0.534829,0.001128,0.208717,6.02,0.433627,0.017696,1E-08,0.4644,0.005754,3.5E-05,0.009819,0.006738,0.271504,1.92,0.001809,5.06,30.13,0.000355,1.02,2.65,0.077332,2.1E-05,0.047271,0.047069,1.32,627.99,175.87,1.49
130,0.282982,1.09,9.18,0.000498,4328.41,111.81,0.143889,0.233651,59.86,0.001302,13.82,494.21,5.06,0.00899,0.002134,10.24,0.001389,0.142193,0.177422,11.89,14.16,0.001296,8.47,0.173349,0.01082,0.087012,2.76,0.705383,0.290045,0.409268,2.92,141.74,0.875157,0.001648,5.77,0.012446,0.125854,1.4E-08,1.21,0.096176,0.000973,0.237016,0.000256,0.015769,0.234085,0.037668,4.82,2.4,0.214969,1,0.003196,0.02508,1.5E-05,3.95,1.44,5.36,45.15,0.351785,73.54
131,0.108422,0.019131,13.51,0.000262,612.51,3.18,0.004009,0.030999,66.5,5.1E-05,2.22,8.58,2.38,0.000275,0.000165,86.73,0.000222,0.001088,0.046777,157.76,1.73,0.001402,1.04,0.017719,1.09,0.042874,0.396057,0.23018,2.74,0.073602,0.024302,6.8,0.028355,0.000183,5.04,0.000891,0.006495,9.3E-09,0.305116,0.004572,3.9E-05,0.007435,0.006699,0.276891,1.78,0.001755,5.77,1.25,0.009275,1,2.75,0.005645,4E-06,0.027477,0.02134,1.22,675.76,196.64,1.51
132,0.278097,1.09,8.29,0.022561,240.38,0.731351,0.003335,0.085531,61.29,2.6E-05,0.83189,2.2,4.62,0.00022,6.4E-05,11.36,0.000131,8.2E-05,0.010525,11.3,14.66,3.9E-08,8.88,1.1E-05,0.012581,0.001495,2.95,0.752048,0.307191,0.012425,0.070548,0.391906,0.001903,0.208126,5.03,0.428347,0.006086,1.3E-08,0.372006,0.066329,1.1E-05,0.005008,0.000265,0.014834,0.206546,0.00191,6.17,4.01,0.000403,1.04,0.003668,1.24,0.007485,0.022466,0.003908,6.32,43.64,0.358406,74.11
133,0.105762,0.018407,11.6,0.00068,320.51,1.71,0.015825,18.65,56.4,9E-06,7.28,2.22,2.28,4.8E-05,4.9E-05,84.47,0.000209,0.000261,0.772745,160.4,1.6,0.001667,1.01,1.95,1.08,0.001413,0.390797,0.318345,2.8,0.026853,0.044128,0.53249,0.001182,0.001613,5.54,0.011584,0.018013,8.6E-09,0.816533,0.004364,3.2E-05,0.004789,0.007124,0.282126,1.8,0.001563,6.78,34.13,0.000361,1,2.67,0.075129,2.1E-05,0.049665,0.046868,1.37,701.58,228.43,1.46
134,0.304844,1.05,8.31,9.3E-05,128.55,112.81,0.126175,0.265236,57.78,0.001281,14.78,486.54,3.27,0.008747,0.002042,11.34,0.001394,0.143053,0.185541,12.43,14.77,3.9E-08,9.91,0.171679,0.010772,0.087652,2.49,0.709681,0.323548,0.388147,2.94,135.76,0.802279,0.000196,6.29,0.000812,0.090254,1.3E-08,0.496203,0.056493,0.000991,0.009488,0.000274,0.013821,0.19786,0.038121,6.22,2.57,0.207189,1,0.00447,0.025464,1.2E-05,4.04,1.49,5.82,43.21,0.335189,73.46
135,0.105463,0.016823,12.79,0.023196,4229.36,3.22,0.004071,0.03191,66.02,4.4E-05,2.21,8.51,2.4,0.000272,0.000166,88.29,0.000219,0.000994,0.04584,174.45,2.55,0.001609,1.09,0.015319,1.09,0.040285,0.388732,0.401335,3.04,0.07064,0.024567,6.58,0.028104,0.19884,6.63,0.418323,0.006472,1E-08,1.28,0.004237,3.8E-05,0.214774,0.009231,0.28824,1.89,0.00176,5.38,1.13,0.010111,1.02,2.97,0.005531,4E-06,0.026962,0.022452,1.56,700.81,193.25,1.51
136,0.325927,1.02,8.43,0.000648,610.2,0.705359,0.003321,0.084919,68.54,2.5E-05,0.815203,2.23,3.13,0.000249,6.6E-05,11.84,0.000131,7.6E-05,0.008586,12.53,14.92,3.9E-08,9.85,1.1E-05,0.009863,0.001678,2.53,0.750983,0.354808,0.011921,0.070296,0.389316,0.001403,0.001561,5.4,0.01299,0.006026,1.6E-08,0.304636,0.043891,1.3E-05,0.007853,0.00025,0.012964,0.226911,0.001895,3.85,3.7,0.000405,1,0.006231,1.28,0.007915,0.023893,0.003927,6.34,42.81,0.331028,71.89
137,0.105744,0.015446,14.37,0.00023,238.26,1.68,0.014011,18.15,70.25,9E-06,6.47,2.26,2.32,4.6E-05,4.6E-05,92.21,0.00021,0.000248,0.747314,190.05,0.602402,0.001823,1.09,1.9,0.932031,0.001699,0.385969,0.685908,3.26,0.025521,0.047185,0.525171,0.001217,0.000197,6.03,0.000902,0.017681,1E-08,0.374779,0.004086,3.9E-05,0.005236,0.00915,0.306266,2.06,0.001589,4.18,39.96,0.00034,1,3.7,0.071141,2.8E-05,0.056687,0.047792,1.41,646.6,122.42,1.81
138,0.31137,1.1,6.9,0.017303,328.87,108.81,0.102424,0.233362,75.92,0.001293,15.34,442.31,3.09,0.009131,0.002226,11.53,0.001376,0.123227,0.182146,12.73,15.88,3.8E-08,9.77,0.168089,0.009868,0.085848,2.67,0.673356,0.380581,0.396127,3.04,129.48,0.839635,0.182618,6.9,0.445393,0.077259,1.2E-08,0.804042,0.049077,0.001125,0.004941,0.000245,0.01256,0.242289,0.036566,3.88,2.5,0.210871,1.04,0.006176,0.024469,1.5E-05,4.22,1.45,5.82,40.05,0.372201,70.29
139,0.103314,0.013971,12.53,0.000309,129.01,2.98,0.004141,0.034476,73.55,5.3E-05,2.25,8.48,2.48,0.000271,0.000173,95.21,0.00022,0.00094,0.04675,181.95,0.928814,0.001663,1.07,0.014328,0.022814,0.043547,0.377076,0.51011,3.36,0.068804,0.02472,6.55,0.029591,0.001508,7.45,0.016321,0.006627,9E-09,0.439924,0.004038,3.8E-05,0.009873,0.009704,0.253155,2.17,0.001796,2.88,1.06,0.00908,1,3.46,0.006297,4E-06,0.027765,0.021755,1.02,721.4,99.69,1.71
140,0.341024,1.41,8.08,0.000125,4317.48,0.894451,0.003355,0.07983,66.97,2.6E-05,0.799635,2.21,2.8,0.000252,6.3E-05,10.64,0.00013,7.6E-05,0.009181,13.46,15.78,3.9E-08,8.53,1.1E-05,0.021789,0.001387,2.37,0.444386,0.358963,0.013783,0.074677,0.407052,0.001455,0.000183,6.77,0.000759,0.006122,1.2E-08,1.24,0.04175,1.1E-05,0.203318,0.000265,0.01129,0.2828,0.00193,3.19,3.74,0.000418,1,0.006404,1.33,0.00847,0.023793,0.003976,5.27,45.66,0.421588,78
141,0.109188,0.013666,12.66,0.016143,612.13,1.66,0.015328,17.46,74.3,9E-06,6.67,2.38,2.33,4.9E-05,4.9E-05,97.76,0.000217,0.000276,0.722925,174.26,16.51,0.001377,1.16,1.86,0.023706,0.001522,0.383004,0.396158,3.14,0.027898,0.048735,0.559003,0.001165,0.206736,7.84,0.456612,0.018063,9.4E-09,0.30351,0.004884,3.8E-05,0.008089,0.008868,0.249317,2.01,0.001548,3.29,36,0.00039,1.04,3.29,0.067586,2.1E-05,0.051912,0.051435,0.836066,672.78,108.25,0.92141
142,0.298018,1.41,9.6,0.000284,238.73,113.6,0.100355,0.21782,68.34,0.001261,16.19,454.74,3.31,0.009051,0.002153,10.71,0.001373,0.120297,0.187801,14.29,16.14,0.002217,8.28,0.170798,0.024267,0.086302,2.25,0.366963,0.351084,0.393192,3.06,130.8,0.839095,0.001638,8.03,0.014763,0.075759,1.1E-08,0.374452,0.042215,0.001094,0.005517,0.000314,0.011859,0.207594,0.036583,3.68,2.4,0.212551,1,0.004805,0.025191,1.5E-05,4.32,1.45,5.51,46.1,0.407882,88.79
143,0.113903,0.014274,15.03,0.000134,359.51,3.17,0.004082,0.05802,471.74,5.8E-05,2.24,8.95,2.16,0.000263,0.000173,93.34,0.000218,0.000976,0.047364,157.94,16.06,0.002219,1.13,0.015667,0.023797,0.044198,0.403361,1.15,3.12,0.068688,0.023609,6.72,0.032949,0.000178,7.78,0.001427,0.006799,9.4E-09,0.824693,0.004047,3.4E-05,0.005023,0.01067,0.256594,1.98,0.001807,4.35,1.06,0.008772,1,3.14,0.006299,4E-06,0.028709,0.020563,0.768672,695.49,92.89,0.902267
144,0.290564,1.49,10,0.018042,123.63,0.92668,0.003408,0.07211,51.24,2.7E-05,0.883393,2.36,2.29,0.000277,7E-05,10.95,0.000135,7.7E-05,0.007639,14.02,14.83,3.9E-08,7.45,1.2E-05,0.024034,0.001562,2.24,0.193645,0.328391,0.015368,0.071468,0.415567,0.001496,0.261565,8.22,0.523613,0.006231,1.3E-08,0.294239,0.044781,1.1E-05,0.009112,0.000317,0.011504,0.223794,0.001909,2.98,3.91,0.000366,1.02,0.005027,1.24,0.007716,0.022262,0.003959,5.64,46.11,0.409965,79.21
145,0.11604,0.013481,12.92,0.00035,4409.32,1.7,0.015293,17.23,521.66,9E-06,7.2,2.36,2.03,4.9E-05,4.3E-05,100.02,0.000214,0.000282,0.72601,126.52,16.4,0.002574,1.12,1.91,0.028473,0.001505,0.395322,1.34,3.28,0.026603,0.044035,0.599073,0.001287,0.001652,8.1,0.018649,0.018044,5.7E-09,1.25,0.006384,3.8E-05,0.202676,0.008259,0.332804,2.04,0.001357,3.04,39.67,0.000412,1,3.1,0.059502,2.1E-05,0.052041,0.052666,0.713006,880.76,102.3,0.884294
146,0.28432,1.66,8.37,0.000129,610.89,106.34,0.092466,0.224564,70.39,0.001202,15.09,424.98,2.08,0.009163,0.002176,10.94,0.001313,0.11491,0.196701,13.64,15.5,3.9E-08,7.47,0.17254,0.021683,0.082062,2.58,1.39,0.323785,0.382131,2.95,126.7,0.816347,0.000182,7.95,0.001325,0.06989,1.1E-08,0.307292,0.046274,0.001081,0.008165,0.000279,0.011743,0.304109,0.035572,4.28,2.34,0.194835,1,0.005071,0.025031,1.4E-05,4.15,1.39,5.35,47.38,0.392851,77.68
147,0.122776,0.013086,10.31,0.016041,237.29,3.03,0.004152,0.04012,535.09,5.2E-05,2.37,9.02,1.69,0.000273,0.000171,100.67,0.000224,0.000967,0.045927,129.53,14.18,0.002699,1.22,0.014953,0.023708,0.046484,0.39604,1.5,3.16,0.074344,0.023642,6.79,0.034198,0.2651,145.76,0.49759,0.006855,8.3E-09,0.380398,0.008497,3.8E-05,0.005868,0.006616,0.24994,2.12,0.00182,4.95,1,0.008913,1.01,5.13,0.006315,5E-06,0.028227,0.022035,0.586993,764.26,0.879913,0.975131
148,0.131101,1.51,7.75,0.000345,375.07,0.812757,0.003418,0.079371,70.8,2.7E-05,0.898641,2.26,2.15,0.000299,7.1E-05,11.88,0.000133,7.9E-05,0.009302,14.77,14.77,4E-08,7.82,1.2E-05,0.02882,0.001577,3.06,0.17587,0.363063,0.015197,0.071075,0.428999,0.001488,0.001661,0.147016,0.020037,0.006255,1.2E-08,0.886952,0.046912,9E-06,0.004874,0.00027,0.0119,0.335555,0.002015,4.92,3.31,0.000353,1,0.005399,1.22,0.007115,0.024106,0.004017,5.19,47.46,0.702599,77.11
149,0.141692,0.012624,10.17,0.000132,114.13,1.77,0.017036,17.21,441.13,1E-05,7.75,2.33,1.74,5.3E-05,4.6E-05,87.98,0.000224,0.000279,0.738391,96.91,17.55,0.002679,1.2,2.03,0.037937,0.001496,0.386986,1.34,3.13,0.028523,0.044009,0.58478,0.001352,0.000177,146.28,0.001534,0.019248,6.5E-09,0.284184,0.006895,3.9E-05,0.007862,0.004111,0.217992,2,0.001608,6.22,34.97,0.000433,1,3.37,0.057634,2.1E-05,0.055372,0.054626,1.09,588.86,0.456431,1.07
