,agoras-tokens,ardor,augur,bitbay,bitcoin,bitcoindark,bitshares,blocknet,byteball,bytecoin-bcn,counterparty,dash,decred,digibyte,digitalnote,digixdao,dogecoin,einsteinium,emercoin,ethereum,ethereum-classic,experience-points,factom,gamecredits,golem-network-tokens,gulden,iconomi,ion,lisk,maidsafecoin,monacoin,monero,nav-coin,nem,neo,nexus,nxt,paccoin,peercoin,pivx,reddcoin,ripple,siacoin,singulardtv,steem,stellar,stratis,supernet-unity,syscoin,tether,triggers,ubiq,verge,vertcoin,viacoin,waves,zcash,zclassic,zcoin
0,0.391041,0.21235,21.19,0.03387,4338.71,114.07,0.085699,21.82,255.69,0.001392,11.57,327.14,34.58,0.015719,0.002303,79.88,0.001145,0.135851,0.683192,301.46,12.98,3E-06,18.46,2.34,0.264662,0.125029,1.46,1.54,5.82,0.483175,0.468827,95.76,0.929033,0.235162,34.21,1.78,0.076488,1.5E-07,1.31,3.21,0.001217,0.197529,0.00492,0.172419,1.47,0.013858,4.44,41.71,0.163465,0.996488,1.05,1.91,0.006948,1.03,1.46,5.04,277.53,2,13.29
1,0.135377,0.16641,12.19,0.000679,609.74,2.61,0.004837,0.344654,237.73,5.5E-05,4.22,12.1,0.977073,0.000324,0.000139,14.51,0.000235,0.001586,0.404772,13.22,1.26,1.2E-07,2.86,0.122092,0.261972,0.006895,0.267674,0.147674,0.238563,0.091615,0.036988,8.41,0.045146,0.004366,0.184939,0.033144,0.012146,4.3E-09,0.306292,0.003695,4.3E-05,0.00883,0.000488,0.163048,0.492349,0.002847,0.029636,2.6,0.009068,1,0.980923,0.07806,2.4E-05,0.036995,0.027427,0.196706,290.12,1.96,12.86
2,0.118549,0.174028,20.64,0.000173,236.06,1.1,0.006251,0.054008,241.5,2.8E-05,0.80768,2.34,34.14,9.3E-05,0.000149,78.71,0.000123,0.000108,0.031884,0.738644,12.52,2E-06,18.33,0.012682,0.272749,0.001552,1.44,1.49,5.7,0.02005,0.089207,0.399882,0.002278,0.000151,28.64,0.001268,0.008176,1.5E-07,0.384913,3.07,1E-05,0.00552,2.8E-05,0.167995,1.64,0.001985,4.47,1.78,0.000362,1,1.07,0.022639,1.4E-05,0.042791,0.003995,4.93,310.6,2.12,13.86
3,0.383526,0.177424,11.26,0.031617,386.94,4.41,0.032881,20.02,249.71,1.6E-05,1.94,2.7,1.03,7.9E-05,0.000144,14.01,0.000399,0.000302,0.004663,291.47,1.27,1.9E-07,2.92,1.2E-05,0.27669,0.002251,1.53,0.134746,0.237278,0.0202,0.036522,1.22,0.001073,0.237538,0.191738,1.73,0.028252,3.5E-09,0.998371,0.003737,5.4E-05,0.004644,0.004949,0.177843,0.514415,0.003211,0.029073,24.36,0.001493,0.999863,1.17,0.006599,0.006799,0.060138,0.103182,0.173167,285.36,2.02,13.01
4,0.134504,0.132864,22.23,0.000539,133,93.76,0.082354,0.250421,220.11,0.001397,9.96,327.7,34.66,0.014781,0.002164,78.19,0.001082,0.127307,0.645319,13.07,12.73,5E-06,19.19,2.32,0.258489,0.120594,1.51,1.53,5.99,0.487756,0.48225,94.5,0.918849,0.004006,29.76,0.038443,0.071052,1.7E-07,0.28063,3.19,0.001127,0.010932,0.00047,0.181959,1.43,0.013204,4.79,2.7,0.158237,1,1.17,1.71,2.4E-05,1.02,1.29,4.78,231.47,1.93,11.83
5,0.410452,0.130451,10.28,0.00017,4163.07,2.56,0.004872,0.05065,227,6E-05,4.18,12.01,1.05,0.000333,0.000145,14.73,0.000231,0.001581,0.395467,0.661146,1.25,1.2E-07,2.99,0.117098,0.259158,0.007257,1.46,0.121667,0.238588,0.083986,0.038031,8.71,0.052472,0.000149,0.194798,0.001275,0.012835,4.3E-09,1.26,0.003641,4.4E-05,0.193606,2.8E-05,0.175652,0.505285,0.003066,0.032441,1.84,0.009346,1,1.13,0.083736,1.6E-05,0.037135,0.025349,0.17312,230.77,1.95,11.6
6,0.133055,0.115682,20.98,0.027409,605.69,1.03,0.006417,19.06,213.76,2.5E-05,0.851062,2.34,36.1,8.9E-05,0.000159,75.29,0.000121,0.000101,0.035068,299.15,12.65,8E-06,19.81,0.013837,0.247837,0.00166,1.54,1.56,6.32,0.019698,0.09131,0.435817,0.002176,0.238268,31.79,1.84,0.008323,1.8E-07,0.310154,3.23,1E-05,0.008914,0.00511,0.167678,1.22,0.002055,4.77,36.19,0.000362,1,1.09,0.022183,0.006504,0.04435,0.004306,5.17,205.63,1.78,11.15
7,0.125336,0.119414,10.67,0.000583,236.69,4.51,0.030984,0.272051,223.53,1.6E-05,1.83,2.85,1.08,7.9E-05,0.000138,16.09,0.000396,0.000204,0.005243,13.27,1.2,1.2E-07,3.06,1.1E-05,0.257249,0.002003,1.47,0.150565,0.236408,0.019897,0.085198,1.15,0.001591,0.004617,0.197913,0.036282,0.027248,3.7E-09,0.389774,0.004048,6E-05,0.005579,0.000474,0.179798,0.546937,0.003212,0.034811,2.82,0.001424,1,1.17,0.010567,2.9E-05,0.060648,0.090606,0.173631,204.21,1.73,11.57
8,0.38413,0.118398,18.82,0.000181,375.47,90.95,0.087078,0.054619,208.02,0.001429,9.92,338.25,33.46,0.015098,0.002328,70.8,0.00108,0.135998,0.676221,0.582886,11.24,1.2E-05,17.6,2.36,0.241301,0.120248,1.49,1.4,6.13,0.493983,0.44012,97.23,1.02,0.000139,26.38,0.001287,0.072449,1.6E-07,0.966338,2.99,0.001301,0.004705,2.9E-05,0.175256,1.09,0.013863,4.39,1.92,0.163082,1,1.26,1.74,1.7E-05,0.93459,1.27,4.79,195.84,1.71,11.48
9,0.136521,0.115729,10.59,0.02466,137.34,2.44,0.004986,20.11,212.07,6E-05,4.33,11.59,1.14,0.000345,0.000139,14.08,0.000229,0.001651,0.381254,306.47,1.2,1.2E-07,2.94,0.122278,0.243756,0.007227,1.37,0.151093,0.2375,0.082563,0.038122,9.4,0.050851,0.243301,0.202491,2.05,0.013583,3.6E-09,0.265066,0.004031,4.8E-05,0.012868,0.00547,0.173895,0.563659,0.003149,0.035266,44.16,0.009611,1,1.06,0.076241,0.006354,0.03483,0.023791,0.173482,175.65,1.71,10.45
10,0.122498,0.116184,18.81,0.000541,4174.73,1.24,0.006273,0.288572,232.94,3E-05,0.868107,2.38,34.96,9.3E-05,0.000156,71.33,0.000124,1E-04,0.036821,13.1,10.86,4E-06,17.31,0.013229,0.271956,0.001798,1.34,1.38,6.15,0.020259,0.093072,0.448998,0.002384,0.00467,26.02,0.040866,0.009037,1.7E-07,1.33,2.99,1E-05,0.196131,0.00048,0.191266,1.11,0.002091,4.25,2.9,0.000381,1,1.22,0.021229,2.4E-05,0.044942,0.004105,4.23,187.86,1.72,10.6
11,0.369826,0.113213,11.72,0.00018,604.73,4.57,0.031776,0.048279,237.1,1.5E-05,1.9,2.9,1.2,7.9E-05,0.00014,14.21,0.000392,0.000204,0.003579,0.720839,1.21,1.1E-07,3.05,1.1E-05,0.261374,0.00222,1.52,0.150203,0.246723,0.018691,0.091639,1.22,0.00127,0.00013,0.198994,0.001255,0.028647,3.9E-09,0.303728,0.00402,6E-05,0.009048,3E-05,0.186001,0.604818,0.003174,0.03611,1.92,0.001372,1,1.1,0.012676,1.4E-05,0.057433,0.112258,0.174928,188.3,1.92,8.64
12,0.145954,0.117597,17.84,0.025576,239.14,99.06,0.088603,21.84,249.91,0.00145,10.4,346.43,33.72,0.015729,0.002443,68.36,0.001173,0.104591,0.703118,287.44,10.44,4E-06,16.53,2.45,0.282695,0.119708,1.54,1.26,5.75,0.518422,0.469551,101.04,0.994589,0.228646,19.79,2.11,0.074724,1.3E-07,0.392302,2.83,0.001389,0.006293,0.004835,0.182893,1.07,0.014378,3.97,26.26,0.17103,1,1.29,1.7,0.006239,1.02,1.18,3.97,193.16,2.32,7.52
13,0.119464,0.105767,10.36,0.000544,377.18,2.54,0.005107,0.310075,233.99,6.1E-05,4.64,11.64,1.22,0.000351,0.000153,13.43,0.000228,0.001655,0.389836,12.82,1.25,1.5E-07,3.21,0.122084,0.247016,0.006662,1.74,0.10551,0.246655,0.081824,0.03746,9.31,0.052427,0.004988,0.213843,0.032959,0.0144,4.2E-09,0.965437,0.003754,5.4E-05,0.005282,0.000487,0.171048,0.597275,0.002549,0.038854,2.81,0.009519,1,1.19,0.069639,2.4E-05,0.035283,0.024832,0.181455,174.18,1.57,6.6
14,0.375515,0.099854,18,0.000176,134.78,1.32,0.006347,0.039962,238.54,2.9E-05,0.860167,2.36,37.54,7.7E-05,0.000169,67.7,0.000122,9.6E-05,0.027623,0.785964,10.61,8E-06,17.07,0.013902,0.243028,0.001528,1.51,1.32,5.98,0.020044,0.089498,0.43771,0.002141,0.000131,20.18,0.001411,0.009042,1.2E-07,0.261473,2.98,1E-05,0.013835,3.3E-05,0.179409,1.08,0.002067,4.23,1.98,0.000365,1,1.14,0.022398,1.6E-05,0.045586,0.004091,3.97,172.46,1.51,6.59
15,0.143756,0.10207,11.94,0.024268,4200.67,5.01,0.033868,22.42,238.88,1.6E-05,2.02,2.84,1.21,8.4E-05,0.000146,14.96,0.000375,0.00022,0.003108,292.33,1.24,1.1E-07,2.99,1.6E-05,0.247871,0.00205,1.5,0.150715,0.24303,0.019166,0.093478,1.31,0.001426,0.232506,0.243237,1.95,0.031015,4.3E-09,1.41,0.003943,6.4E-05,0.203299,0.0048,0.158062,0.484293,0.003263,0.035526,19.33,0.001562,1,1.25,0.015278,0.006058,0.064524,0.118722,0.186626,181.06,1.5,6.92
16,0.116584,0.088152,17.01,0.000568,606.17,91.9,0.079328,0.318682,211.1,0.001293,10.03,339.1,31.13,0.014439,0.002302,64.05,0.001151,0.082198,0.64973,13.1,10.26,1E-05,15.56,2.36,0.206726,0.113432,1.54,1.24,5.75,0.49528,0.45098,93.13,0.906095,0.005066,18.69,0.033637,0.06571,8.7E-08,0.305347,2.8,0.001287,0.008229,0.000487,0.120473,1.01,0.012388,3.93,2.9,0.160996,1,1.22,1.54,2.4E-05,0.975175,1.18,3.77,158.88,1.29,6.3
17,0.346913,0.116828,11.63,0.000179,232.76,2.58,0.005188,0.040059,268.2,6.1E-05,4.43,11.41,1.2,0.000353,0.000155,15.46,0.000229,0.001631,0.384131,0.736223,1.25,1.1E-07,3.05,0.117264,0.272215,0.006685,1.27,0.145443,0.246458,0.084668,0.037493,9.4,0.050487,0.000134,0.252723,0.001454,0.015034,3.1E-09,0.380515,0.00382,4.8E-05,0.006536,3.1E-05,0.149202,0.485323,0.002385,0.034466,1.95,0.009937,1,2.02,0.052392,1.6E-05,0.035728,0.026164,0.195984,197.22,1.64,8.51
18,0.127811,0.125197,17.13,0.020294,399.52,1.4,0.00633,20.4,288.63,2.9E-05,0.81413,2.33,31.98,7.7E-05,0.000165,64.24,0.000123,9.5E-05,0.034646,282.48,10.07,2E-06,14.84,0.011196,0.290404,0.0015,1.58,1.23,5.39,0.020333,0.098864,0.445105,0.002378,0.216154,17.45,2.04,0.008994,7.4E-08,1.07,2.92,1.1E-05,0.004705,0.004814,0.15072,1.01,0.002071,4.03,2.86,0.000358,1,2.38,0.022017,0.005772,0.046272,0.004399,3.64,207.77,1.76,8.52
19,0.115694,0.132628,10.27,0.000557,133.78,5.17,0.033929,0.301306,284.36,1.7E-05,2.03,2.89,1.18,8.5E-05,0.000158,16.97,0.000451,0.000228,0.003033,12.88,1.22,1.2E-07,3.11,1.6E-05,0.299268,0.002508,1.73,0.137316,0.249115,0.0203,0.091014,1.39,0.001438,0.005167,0.303794,0.040401,0.031942,2.6E-09,0.227426,0.003898,7.7E-05,0.014566,0.000498,0.160537,0.418853,0.00305,0.034957,1.96,0.001514,0.999999,1.18,0.014974,2.4E-05,0.065052,0.125951,0.199509,208.77,1.79,8.67
20,0.365433,0.127516,18.5,0.000169,3892.35,91.51,0.081056,0.046003,285.25,0.001307,9.97,345.09,36.07,0.01425,0.0023,70.8,0.001141,0.083033,0.620475,0.81361,11.25,4E-06,17.49,2.03,0.323035,0.116507,1.69,1.36,6.06,0.504641,0.460741,93.64,0.81685,0.000116,19.75,0.001283,0.063894,1.2E-07,1.3,3.19,0.001416,0.186119,3.3E-05,0.167029,1.12,0.012073,4.75,3.06,0.151396,1,0.918326,1.59,1.4E-05,0.953256,1.15,4.07,212.91,1.88,8.53
21,0.131864,0.129348,12.12,0.020132,608.04,2.53,0.005128,20.84,291.39,6.4E-05,5.05,11.55,1.31,0.000349,0.000156,18.76,0.000225,0.001639,0.385347,286.17,1.25,1.5E-07,3.04,0.121569,0.344498,0.00586,1.87,0.137034,0.260103,0.085326,0.036396,10.24,0.055674,0.222205,0.312621,2.25,0.01618,4E-09,0.307611,0.00377,4.8E-05,0.007963,0.004736,0.13744,0.450762,0.002454,0.036401,1.93,0.0104,1,0.970319,0.048624,0.005568,0.034575,0.029902,0.215727,213.79,2.02,9.15
22,0.109915,0.135448,18.46,0.000615,234.34,1.39,0.005934,0.309094,301.44,2.8E-05,0.827502,2.45,32.4,9.5E-05,0.000166,76.63,0.000122,9.9E-05,0.03812,13.33,11.48,3E-06,18.55,0.011764,0.360461,0.001586,1.98,1.33,6.2,0.020501,0.094487,0.451515,0.001787,0.005251,19.94,0.034673,0.008804,1E-07,0.376018,3.29,1.1E-05,0.006501,0.000498,0.125973,1.09,0.002056,4.85,23.24,0.000372,0.999999,1.08,0.02211,3E-05,0.046636,0.004751,4.16,213.99,2.2,9.09
23,0.352812,0.155623,12.12,0.000159,404.43,5.22,0.030783,0.049841,321.96,1.7E-05,2.06,3,1.24,8.4E-05,0.000154,16.92,0.000375,0.000239,0.002915,0.893406,1.28,1.1E-07,3.3,1.2E-05,0.402176,0.002835,1.93,0.094441,0.253032,0.020607,0.091468,1.4,0.001035,0.00012,0.331296,0.001234,0.030945,3.5E-09,1.08,0.003838,5.7E-05,0.004616,3.2E-05,0.149466,0.478526,0.003494,0.03405,2.62,0.001593,1,1.31,0.012484,1.4E-05,0.074233,0.131286,0.191414,247.31,2.09,10.72
24,0.131574,0.148698,19.02,0.019281,128.38,82.68,0.069554,20.26,322.51,0.001219,9.94,331.85,30.94,0.013505,0.002101,73.92,0.000892,0.062497,0.588074,264.31,11.79,4E-06,19.63,1.61,0.451712,0.109203,2.23,1.37,6.74,0.475649,0.452316,89.5,0.761072,0.210635,21.22,2.28,0.059606,1E-07,0.211827,3.68,0.001176,0.011713,0.003836,0.152371,1.22,0.011563,5.37,1.88,0.139399,1,0.91714,1.52,0.005389,0.992858,1.07,4.34,247.01,2.23,11.59
25,0.109941,0.130319,9.88,0.00062,3926.07,2.55,0.004989,0.320789,347.9,6E-05,5.05,11.53,1.3,0.000349,0.000157,13.89,0.000226,0.001626,0.384052,13.25,1.32,1.6E-07,3.3,0.116721,0.345685,0.006494,2.25,0.158576,0.255169,0.086298,0.03843,10.63,0.05161,0.005299,0.384916,0.036967,0.015271,3.7E-09,1.32,0.003706,4.2E-05,0.181487,0.000505,0.146619,0.52353,0.002219,0.036501,23.65,0.009953,0.999999,0.821186,0.052423,3E-05,0.036615,0.030908,0.186632,226.88,2.27,10.84
26,0.367939,0.117797,17.64,0.000166,600.83,1.37,0.005881,0.054479,343.47,3.3E-05,0.870585,2.44,29.79,9.8E-05,0.000157,65.8,0.000124,9.9E-05,0.029295,0.901796,10.02,4E-06,17.35,0.012042,0.301788,0.001345,2.09,1.22,5.57,0.020167,0.102697,0.468678,0.002173,0.00013,19.86,0.001236,0.008709,7.4E-08,0.306246,3.25,1E-05,0.007855,3.2E-05,0.113423,1.09,0.002058,4.44,2.6,0.000372,1,0.835226,0.023144,1.5E-05,0.047475,0.004798,3.64,218.34,1.89,9.71
27,0.129649,0.140358,9.82,0.019394,235.14,5.68,0.030656,19.94,367.22,1.8E-05,2.1,3.34,1.41,7.7E-05,0.000164,15.18,0.000348,0.000269,0.003705,258.58,1.32,1.5E-07,3.39,3.5E-05,0.361347,0.002724,2.11,0.175719,0.257226,0.021063,0.091506,1.51,0.001308,0.210871,0.426568,2.64,0.031989,3.1E-09,0.390814,0.004111,5.1E-05,0.00665,0.003971,0.135326,0.528477,0.00389,0.033547,1.77,0.001662,1,0.95812,0.011879,0.005474,0.079289,0.126835,0.179221,260.09,2.49,12.13
28,0.104525,0.140028,17.67,0.00065,411.57,84.62,0.070597,0.323936,368.93,0.001274,10.01,350.79,30.89,0.013653,0.002174,64.62,0.000954,0.06437,0.599213,13.77,9.93,3E-06,17.89,1.74,0.330569,0.113076,2.48,1.23,5.56,0.489933,0.466693,91.85,0.841208,0.005415,20.76,0.037639,0.061825,7.7E-08,1.15,3.15,0.000985,0.004722,0.000519,0.142019,1.12,0.011896,4.39,26.73,0.144645,0.999988,0.753198,1.48,2.4E-05,1.07,1.12,3.76,254.03,2.68,13.19
29,0.344048,0.147426,10.93,0.000181,128.22,2.52,0.005,0.056099,383.75,6E-05,5.3,11.54,1.45,0.000355,0.000169,15.17,0.000224,0.001663,0.387971,0.919047,1.32,1.9E-07,3.24,0.115944,0.378419,0.00636,2.49,0.169823,0.258762,0.085741,0.03798,10.77,0.051772,0.000102,0.388858,0.001634,0.015359,4E-09,0.196177,0.003702,4.8E-05,0.010433,3E-05,0.147879,0.514227,0.002083,0.034574,2.91,0.010475,1,1.03,0.053353,1.4E-05,0.035117,0.02868,0.167791,305.11,3.31,14.33
30,0.124968,0.199587,18.31,0.022416,3682.84,1.24,0.006384,22.34,218.18,3.3E-05,0.864736,2.43,29.7,8.4E-05,0.000146,68.84,0.000124,9.6E-05,0.03009,283.74,10.24,5E-06,18.05,0.012312,0.198555,0.001184,2.99,1.28,5.58,0.019276,0.095136,0.464606,0.0021,0.231746,18.74,3.27,0.009305,8E-08,1.24,3.32,9E-06,0.175787,0.004523,0.132961,1.14,0.002082,4.62,1.77,0.000366,1,0.697228,0.022953,0.006352,0.047589,0.005799,3.78,233.01,1.84,17.66
31,0.102663,0.009458,12.15,0.000664,602.63,5.55,0.032094,0.353049,214.21,1.8E-05,2.17,3.4,1.44,8.7E-05,0.000171,14.89,0.000313,0.000247,0.003707,14.43,1.28,3E-07,3.3,3.5E-05,0.191735,0.002949,1.01,0.169917,0.252934,0.021609,0.096213,1.47,0.001089,0.005127,0.349832,0.03948,0.033011,3.3E-09,0.309945,0.003763,5.6E-05,0.007362,0.000536,0.011846,0.509801,0.003965,0.038852,26.25,0.001502,0.999999,0.020328,0.01347,2.5E-05,0.088989,0.13011,0.1656,1624.58,1.9,2.38
32,0.357553,0.197073,15.76,0.000173,234.53,78.12,0.069211,0.040671,213.73,0.001139,9.67,346.58,23.83,0.012606,0.001972,58.97,0.000772,0.062089,0.561949,0.938445,9.13,1.7E-05,15.15,1.55,0.189639,0.106939,0.12191,1.08,4.36,0.459998,0.448218,88.17,0.846573,1E-04,15.69,0.001394,0.058817,7.5E-08,0.385741,2.65,0.000941,0.00671,2.8E-05,0.139801,0.994543,0.010776,3.78,3.11,0.14544,1,0.640815,1.43,1.6E-05,1.09,1.02,3.09,241.22,1.86,15.54
33,0.129757,0.009951,9.89,0.020259,423.2,2.48,0.004992,24.05,191.79,6.4E-05,5.13,11.54,1.47,0.000346,0.000161,13.26,0.000228,0.001599,0.386913,282.8,1.29,1.5E-07,3.5,0.120379,0.197054,0.006132,1.03,0.152695,0.270973,0.084537,0.038693,10.16,0.052784,0.237664,0.325127,3.15,0.016083,6.6E-09,1.2,0.004507,4.3E-05,0.004668,0.004583,0.011693,0.573209,0.002138,0.037704,1.79,0.010618,1,0.018677,0.055248,0.00631,0.035763,0.032816,0.17306,574.82,1.83,3.11
34,0.102387,0.200644,20.59,0.000704,127.25,1.25,0.006093,0.36707,203.28,3.3E-05,0.876154,2.46,26.73,6.8E-05,0.000143,74.36,0.000126,9.9E-05,0.022284,13.19,14.11,3E-06,20.37,0.014285,0.20472,0.001193,0.124068,1.4,6.57,0.020516,0.090337,0.471829,0.002074,0.00516,20.06,0.039918,0.008838,1E-07,0.192147,3.07,9E-06,0.010448,0.000493,0.142829,1.23,0.002138,5.01,21.7,0.00037,0.999999,0.630003,0.022578,3E-05,0.045246,0.005094,3.95,234.33,1.77,13.92
35,0.371824,0.009032,11.33,0.000185,3792.4,5.36,0.030651,0.043608,191.43,1.6E-05,2.05,3.36,1.47,7.9E-05,0.000156,10.7,0.000298,0.00023,0.004007,0.882391,1.29,2.3E-07,3.53,1.2E-05,0.194259,0.002767,1.17,0.152289,0.26255,0.020127,0.101706,1.26,0.001091,0.000102,0.309509,0.002079,0.03193,6.3E-09,1.3,0.00454,5.2E-05,0.177882,2.8E-05,0.010706,0.590609,0.004023,0.036959,2.84,0.00126,1,0.016845,0.012624,1.4E-05,0.080591,0.122028,0.169045,2044.47,1.81,3.44
36,0.129989,0.19101,21.23,0.022184,602.84,78.32,0.069107,24.03,203.6,0.001136,9.47,330.05,27.73,0.012546,0.002111,78,0.000755,0.059906,0.568891,293.5,14.44,5E-06,22.1,1.52,0.202158,0.107157,0.113883,1.5,7.02,0.477865,0.453647,86.24,0.790137,0.248516,20.97,3.68,0.059259,1.2E-07,0.30703,3.14,0.000943,0.007211,0.005259,0.146387,1.22,0.0106,5.53,1.7,0.147306,1,0.704409,1.43,0.006548,1.3,1.14,4.38,231.07,1.79,14.87
37,0.0882,0.010176,11.67,0.00068,230.28,2.5,0.005084,0.36839,181.24,6E-05,5.6,11.53,1.44,0.000352,0.000161,10.47,0.000231,0.001701,0.3903,12.43,1.32,1.9E-07,3.78,0.120743,0.199057,0.006047,1.15,0.243255,0.26851,0.086662,0.039098,9.92,0.053,0.005174,0.374598,0.039047,0.016298,6.1E-09,0.391747,0.004682,4.6E-05,0.006668,0.0005,0.010792,0.630221,0.002085,0.034792,20.82,0.010712,0.999923,0.024745,0.059117,3.1E-05,0.037247,0.024521,0.171349,244.52,1.72,4.79
38,0.31649,0.198331,20.92,0.000174,435.79,1.25,0.006693,0.03047,173.85,3.7E-05,0.859928,2.35,29.01,5.8E-05,0.000133,85.84,0.00013,9.3E-05,0.024716,0.853685,14.61,4E-06,23.37,0.014737,0.19286,0.001112,0.123524,1.5,6.7,0.020181,0.090144,0.480452,0.002132,1E-04,21.88,0.001487,0.008449,1.2E-07,1.17,3.24,9E-06,0.004613,3E-05,0.149951,1.23,0.002142,5.6,3.05,0.00036,1,0.724215,0.021284,1.4E-05,0.050691,0.004746,4.35,233.67,1.59,14.82
39,0.115772,0.011682,9.71,0.019433,125.95,4.8,0.030029,20.8,189.63,1.7E-05,2.1,2.97,1.47,8.2E-05,0.00014,9.96,0.000288,0.000241,0.002576,251.75,1.34,6E-06,3.25,4E-05,0.201134,0.00275,1.19,0.175949,0.244939,0.019276,0.102077,1.27,0.000981,0.204067,0.37615,3.15,0.029748,4.7E-09,0.186406,0.004397,5.2E-05,0.010008,0.004036,0.012817,0.641134,0.003464,0.037784,1.74,0.001338,1.01,0.028634,0.011169,0.005924,0.081322,0.11864,0.160849,217.69,1.71,3.29
40,0.080588,0.193836,21.55,0.000695,3630.7,94.87,0.079108,0.381244,189.31,0.001272,10.72,342.43,28.69,0.014882,0.002404,79.64,0.000862,0.057201,0.641984,12.7,13.66,3E-06,23.51,1.72,0.204678,0.116936,0.13843,1.66,6.57,0.568158,0.47759,95.57,0.917598,0.005274,22.75,0.038811,0.067742,1.3E-07,1.29,3.39,0.001053,0.17351,0.000497,0.161062,1.32,0.012236,5.86,25.59,0.16686,0.999999,0.755984,1.59,4.2E-05,0.955091,1.35,4.41,216.04,1.76,13.53
41,0.289031,0.012167,9.98,0.000162,596.3,2.55,0.00499,0.043545,201.07,6.7E-05,5.24,11.41,1.53,0.000347,0.00017,9.42,0.000232,0.001706,0.384242,0.874231,1.42,4E-06,2.89,0.121468,0.221913,0.006088,1.19,0.168361,0.25199,0.083826,0.039468,11.15,0.05294,0.000108,0.391001,0.001229,0.015336,5.5E-09,0.304713,0.004471,4.3E-05,0.006843,3E-05,0.013595,0.71776,0.002052,0.047915,3.37,0.010855,1,0.033305,0.061202,1.4E-05,0.037639,0.023209,0.162375,206.52,1.92,3.3
42,0.123275,0.202588,22.28,0.020949,230.62,1.28,0.007109,20.19,212.35,3.6E-05,0.896094,2.39,30.4,5.4E-05,0.00015,94,0.000126,9.3E-05,0.027198,246.52,14.89,4E-06,25.07,0.016369,0.254141,0.0011,0.169119,2.08,6.9,0.020733,0.093546,0.485971,0.00227,0.207831,21.96,3.12,0.008392,1.4E-07,0.383145,3.69,1.1E-05,0.007168,0.004298,0.141764,1.4,0.002223,5.76,1.73,0.00038,1,1.12,0.022138,0.005909,0.049968,0.004482,4.46,213.73,2.66,11.81
43,0.07364,0.012234,9.97,0.000686,402.15,5.11,0.031173,0.33997,190.18,1.6E-05,2.01,3.18,1.54,9E-05,0.000142,10.11,0.000292,0.000259,0.002858,12.56,1.4,6E-06,2.89,8E-06,0.217408,0.003345,1.27,0.137043,0.256735,0.018162,0.104674,1.27,0.001427,0.005499,0.558478,0.038543,0.029902,6.8E-09,1.49,0.004541,5.3E-05,0.004657,0.000494,0.013895,0.640861,0.003612,0.030533,26.04,0.001609,0.999999,0.032288,0.012848,3E-05,0.083602,0.130112,0.166817,212.46,1.5,3.33
44,0.269516,0.212795,22.26,0.000164,129.12,92.14,0.079411,0.042758,178.09,0.001324,11.71,324.26,31.53,0.013977,0.002058,78.25,0.00089,0.050999,0.645111,0.907175,15.2,5E-06,26.27,1.69,0.219275,0.117136,0.177921,1.31,6.91,0.556714,0.449215,97.72,0.934326,0.000106,24.86,0.001301,0.068958,1.4E-07,0.19368,3.69,0.00094,0.010406,3E-05,0.133853,1.37,0.011794,5.71,3.42,0.173756,1,0.666619,1.58,1.5E-05,0.81124,1.12,4.5,222.52,1.54,12.74
45,0.121446,0.013997,4.95,0.018954,3631.04,2.54,0.005182,19.98,175.31,6.7E-05,4.33,11.54,1.53,0.000347,0.00017,10.03,0.000236,0.00156,0.388284,250.46,1.44,5E-06,2.91,0.120254,0.211233,0.006088,1.28,0.172401,0.254201,0.091622,0.038163,10.56,0.055478,0.211752,30.78,2.94,0.01669,6.1E-09,1.2,0.004147,4.8E-05,0.171754,0.003731,0.013572,0.634152,0.002127,0.026794,1.73,0.010793,1.01,0.043508,0.063927,0.005318,0.039006,0.023499,0.162395,230.07,1.65,3.49
46,0.102747,0.193733,23.79,0.000653,597.15,1.21,0.005874,0.377844,173.65,3.8E-05,0.896926,2.36,33.93,5.9E-05,0.000148,90.36,0.000126,9.5E-05,0.029619,11.94,17.81,1.7E-05,27.98,0.018494,0.203874,0.001021,0.454364,1.48,7.48,0.020845,0.098187,0.496418,0.002354,0.005674,21.36,0.036839,0.008483,1.5E-07,0.313722,4.15,1.1E-05,0.006829,0.000498,0.128714,1.56,0.002295,6.17,21.21,0.000389,0.999993,0.556106,0.021648,2.1E-05,0.049131,0.004032,4.98,229.3,1.68,11.52
47,0.238599,0.012269,10.57,0.000181,227.09,5.25,0.03002,0.04464,186.77,1.7E-05,1.97,3.43,1.51,9E-05,0.00016,10.02,0.000277,0.000236,0.003411,0.94441,1.48,6E-06,2.86,8E-06,0.208379,0.002948,1.15,0.169135,0.257372,0.018023,0.121532,1.45,0.001071,9.9E-05,22.8,0.001279,0.029643,6.5E-09,0.376936,0.004302,5.2E-05,0.007247,3.5E-05,0.013969,0.739936,0.003872,0.027648,3.5,0.001556,1,0.044911,0.013006,1.4E-05,0.082101,0.12471,0.160031,231.28,1.68,2.9
48,0.125302,0.205184,23.79,0.015422,398.82,104.31,0.089771,14.93,175.3,0.001426,12.19,333,34.74,0.01461,0.002182,88.75,0.000947,0.06663,0.664019,213.91,19.02,3E-06,26.46,1.71,0.211183,0.124325,0.269399,1.48,6.96,0.589092,0.466362,100.57,1.06,0.164254,21.83,2.68,0.076242,1.6E-07,1.49,4.01,0.001022,0.00457,0.003693,0.139072,1.56,0.013455,6.22,1.71,0.187546,1,0.623688,1.73,0.0047,0.810876,1.26,5.16,233.01,1.7,11.74
49,0.105386,0.013592,11.9,0.000697,127.43,2.55,0.005188,0.336395,167.73,6.8E-05,4.84,11.64,1.5,0.000354,0.000171,10.02,0.00024,0.001612,0.398568,11.92,1.47,1E-06,2.9,0.113968,0.213099,0.005882,1.17,0.134293,0.252891,0.095202,0.039427,9.45,0.061023,0.005695,30.32,0.037726,0.017213,6.6E-09,0.188596,0.004261,4.9E-05,0.0097,0.000511,0.014454,0.77924,0.00209,0.024576,23.36,0.011374,1,0.039267,0.060387,2.4E-05,0.038268,0.021837,0.166453,232.63,1.83,2.9
50,0.30495,0.204258,22.94,0.000159,3905.95,1.32,0.005748,0.044703,170.23,4.6E-05,0.860981,2.46,34.08,5.9E-05,0.000164,76.83,0.000127,0.000107,0.046605,0.875622,16.58,4E-06,25.3,0.018751,0.233593,0.00101,0.157751,1.38,6.08,0.020887,0.097885,0.50044,0.002046,9E-05,31.72,0.001342,0.008232,1.6E-07,1.36,3.58,1.2E-05,0.182078,3.5E-05,0.13196,1.34,0.002243,6.03,3.49,0.000377,1,0.634313,0.022049,1.5E-05,0.049202,0.00385,4.98,240.89,1.79,12.24
51,0.124155,0.014453,10.31,0.01905,608.31,5.12,0.031145,18.23,163.89,2E-05,2.03,3.87,1.52,9.1E-05,0.000126,10.52,0.000298,0.00023,0.004202,277.11,1.45,6E-06,2.97,4.2E-05,0.221501,0.002698,1.16,0.128919,0.250393,0.018732,0.122712,1.57,0.000942,0.233825,32.01,3.54,0.033117,6.7E-09,0.314436,0.00427,5.6E-05,0.006785,0.005634,0.013884,0.806667,0.003456,0.022383,1.72,0.001477,1,0.039286,0.013344,0.006433,0.089561,0.142181,0.170325,240.05,1.64,3.79
52,0.104842,0.219249,21.81,0.000708,231.21,83.5,0.071629,0.38233,149.3,0.001276,11.91,313.84,32.27,0.012202,0.001987,72.35,0.000853,0.047159,0.674043,11.92,15.84,2E-06,24.3,1.49,0.193398,0.112649,0.220825,1.36,5.86,0.533679,0.418483,93.74,0.999036,0.005876,28.47,0.036971,0.067395,1.5E-07,0.391064,3.13,0.000926,0.007637,0.0005,0.14592,1.17,0.01121,5.77,28.77,0.17909,1,0.560317,1.61,2.4E-05,0.688848,0.990986,4.66,227,1.63,10.53
53,0.349635,0.015005,10.34,0.000136,408.9,2.67,0.005131,0.041546,154.28,7.2E-05,5.25,11.78,1.52,0.000357,0.000176,10.51,0.000236,0.001489,0.402881,0.936003,1.46,6E-06,2.83,0.111834,0.196629,0.005969,1.25,0.093718,0.243393,0.092253,0.039513,9.68,0.062768,9E-05,0.228251,0.001235,0.018094,6.3E-09,1.64,0.004205,4.7E-05,0.004772,3.5E-05,0.014738,0.823902,0.002162,0.022118,3.41,0.011215,1,0.036274,0.059971,1.6E-05,0.039767,0.022273,0.165639,236.13,1.82,3.02
54,0.130675,0.220303,24.91,0.020365,127.04,1.37,0.005228,20.41,180.46,4.6E-05,0.870664,2.37,36.64,5.7E-05,0.000172,91.5,0.000125,0.000108,0.019945,291.46,18.57,3E-06,27.64,0.022793,0.221711,0.001009,0.207394,1.61,7.08,0.020662,0.092061,0.494782,0.002206,0.249074,28.79,3.44,0.00826,1.6E-07,0.186749,3.63,1.1E-05,0.010113,0.005721,0.155255,1.39,0.002228,6.59,1.72,0.000369,1.01,0.585695,0.021414,0.007003,0.050043,0.003763,5.2,235.66,1.92,12.28
55,0.101996,0.017017,6.58,0.000718,3924.97,5.11,0.031356,0.501959,193.24,1.6E-05,2.36,3.75,1.5,9.8E-05,0.000136,10.5,0.000268,0.000315,0.003669,11.89,1.34,6E-06,2.8,3.7E-05,0.233535,0.003267,1.32,0.119685,0.243732,0.020251,0.110163,1.77,0.001145,0.005736,0.181026,0.039748,0.034975,5.6E-09,1.4,0.003677,6.5E-05,0.184041,0.000506,0.013935,0.823506,0.003072,0.023516,28.67,0.00128,1,0.023285,0.016778,2.4E-05,0.097816,0.163324,0.165268,229.49,2.01,5.79
56,0.31252,0.229476,24.24,0.000155,609.23,79.87,0.072316,0.045032,203.22,0.001259,10.42,298.86,36.33,0.012421,0.001999,84.71,0.000867,0.036413,0.788043,1.04,20.08,4E-06,27.2,1.52,0.230674,0.118668,0.180959,1.64,6.72,0.535006,0.427467,95.29,0.97994,8.7E-05,27.76,0.001369,0.063342,1.7E-07,0.31622,3.33,0.000929,0.006858,3.3E-05,0.157986,1.34,0.011699,6.34,3.61,0.185596,1,0.726748,1.58,1.5E-05,0.629889,0.850978,5.23,241.06,2.02,12.05
57,0.127407,0.015436,9.21,0.021353,231.49,2.52,0.00537,18.19,194.6,6.7E-05,5.35,11.72,1.45,0.000382,0.000181,10.75,0.00025,0.001627,0.400352,294.53,1.39,9E-06,3.18,0.115461,0.245785,0.00736,1.4,0.115189,0.249354,0.093172,0.04043,8.91,0.054945,0.252026,0.170166,3.27,0.018111,6.4E-09,0.386373,0.003475,4.6E-05,0.007482,0.005858,0.014092,0.822189,0.002082,0.023228,1.81,0.011555,1,0.022048,0.059804,0.007578,0.039808,0.027214,0.171192,253.98,2.05,5.12
58,0.10203,0.245213,28.59,0.000748,394.8,1.43,0.004974,0.503221,214.98,4.6E-05,0.91584,2.37,41.35,5.4E-05,0.000183,97.34,0.000124,0.000102,0.020391,11.64,21.94,1.2E-05,32.69,0.021544,0.245505,0.000996,0.185008,1.81,7.41,0.020204,0.094308,0.509974,0.002176,0.005716,27.35,0.034104,0.008222,1.7E-07,1.22,3.94,1.1E-05,0.004942,0.000502,0.148898,1.59,0.002159,7.25,26.77,0.000368,1,0.557794,0.021903,3E-05,0.052629,0.004106,5.74,257.61,2.27,9.57
59,0.324118,0.018939,9.16,0.00015,129.65,5.37,0.034058,0.037989,224.27,1.7E-05,2.24,3.33,1.46,0.000107,0.000155,10.58,0.000294,0.000313,0.003515,0.982978,1.44,4E-08,3.38,3.7E-05,0.255418,0.004262,1.39,0.145926,0.246301,0.019682,0.106649,1.84,0.001163,9.4E-05,0.151552,0.001429,0.037837,6.3E-09,0.197068,0.003455,6.5E-05,0.010958,4.3E-05,0.013203,0.814077,0.00299,0.02209,3.74,0.001152,1,0.017495,0.020972,1.6E-05,0.098649,0.173295,0.161095,254.82,2.21,3.49
60,0.12041,0.251497,17.59,0.020718,4065.2,81.29,0.075739,20.75,262.58,0.001304,10.27,284.36,28.4,0.012569,0.002037,63.69,0.000865,0.036838,0.556243,288.75,10.62,2E-06,14.58,1.35,0.258588,0.123806,0.188562,1.22,4.74,0.543111,0.429105,99.85,0.967416,0.256975,28.76,3.03,0.065516,3.1E-07,1.49,2.97,0.000966,0.189768,0.005716,0.161781,0.943716,0.012096,3.36,1.81,0.200703,1.01,0.529972,1.6,0.007962,0.707298,0.890119,3.24,237.91,2.18,10
61,0.115118,0.018237,4.45,0.000751,609.87,2.58,0.005447,0.511424,237.93,6.6E-05,4.43,12.21,0.692514,0.000388,0.000176,11.07,0.000233,0.001663,0.393819,12.17,0.903216,8.1E-08,2.14,0.120313,0.290002,0.0062,1.44,0.134701,0.162747,0.096942,0.040502,9.41,0.0525,0.005874,0.127426,0.039838,0.020093,3.8E-09,0.316921,0.00786,4.2E-05,0.006853,0.000529,0.013468,0.131459,0.002319,0.051525,31.14,0.011607,1,0.019563,0.070636,2.5E-05,0.039674,0.019343,0.328016,252.94,1.93,3.52
62,0.326986,0.261466,1.57,0.000162,232.97,1.42,0.004625,0.044429,239.92,4.7E-05,0.892168,2.32,30.25,5.3E-05,0.000191,61.32,0.000126,0.000101,0.018456,1.17,10.87,3E-06,0.119383,0.022834,0.013339,0.001123,0.275895,1.24,4.93,0.021046,0.094745,0.502379,0.002273,9.1E-05,28.33,0.001193,0.008122,4.4E-07,0.388205,3.28,1E-05,0.007529,4.8E-05,0.146518,0.970985,0.002183,3.82,3.68,0.000366,1,0.625513,0.021708,1.7E-05,0.054814,0.004343,3.48,257.6,0.745623,9.57
63,0.13703,0.016771,17.17,0.022972,424.44,5.78,0.033437,21.89,273.52,1.7E-05,2.37,3.07,0.780302,0.000123,0.000139,10.94,0.000326,0.000337,0.003794,294.4,0.927473,4.1E-08,15.3,2.4E-05,0.263486,0.004289,1.48,0.119197,0.168472,0.019656,0.103612,1.9,0.001127,0.267264,0.129615,3.05,0.037264,4.1E-09,1.69,0.007004,7.1E-05,0.005135,0.005963,0.013316,0.131225,0.002896,0.052163,1.77,0.001155,1,0.020156,0.023555,0.006945,0.102126,0.169671,0.353743,263.94,1.9,3.95
64,0.124591,0.256811,4.65,0.000697,131.47,84.3,0.07638,0.349638,287.09,0.001194,8.91,236.24,29.35,0.011096,0.001812,62.39,0.000854,0.036309,0.45872,11.65,10.86,5E-06,2.22,1.2,0.013252,0.099666,0.223526,1.31,4.88,0.408422,0.388856,83.04,0.66836,0.006211,28.54,0.035226,0.054695,5.6E-07,0.193084,3.35,0.000838,0.010782,0.000532,0.149509,0.972884,0.011038,4.04,28.64,0.142547,1,0.420538,1.32,1.9E-05,0.479536,0.694622,3.54,308.49,0.729315,9.77
65,0.338118,0.019724,1.69,0.000151,3582.88,2.47,0.00573,0.042864,264.47,6.1E-05,4.81,12.71,0.77073,0.00036,0.000183,10.81,0.000226,0.001637,0.397468,1.21,0.889612,4E-08,0.121739,0.122148,0.345754,0.004895,1.57,0.147217,0.150249,0.097745,0.040574,10.51,0.051477,9E-05,0.135712,0.001452,0.019886,4E-09,1.32,0.005962,4E-05,0.178393,4.8E-05,0.01453,0.131963,0.001963,0.056596,3.22,0.011812,1,0.019532,0.064471,1.4E-05,0.046535,0.021622,0.346814,68.69,2.07,3.6
66,0.138504,0.228357,17.7,0.022333,605.98,1.36,0.004173,21.6,260.66,5.1E-05,0.905034,2.31,30.96,5.3E-05,0.000192,59.35,0.000125,0.000103,0.023424,296.5,10.55,7E-06,14.67,0.023914,0.011766,0.000876,0.233744,1.62,4.68,0.020891,0.09543,0.482289,0.002084,0.268641,30.15,3.02,0.008205,4.1E-07,0.318208,3.18,9E-06,0.007018,0.006098,0.144757,0.941843,0.002139,4.29,1.77,0.000367,1.01,0.4607,0.023546,0.006869,0.051867,0.00427,3.46,306.07,1,9.73
67,0.163826,0.033319,4.11,0.000668,229.81,6.19,0.036723,0.34515,262.66,1.7E-05,2.44,2.8,0.781814,0.000124,0.00014,11.04,0.000345,0.000315,0.004062,11.35,0.942647,4E-08,2.09,2.4E-05,0.330351,0.004365,1.48,0.151691,0.180549,0.01963,0.1173,1.82,0.00129,0.005664,0.093762,0.03554,0.037692,4E-09,0.390413,0.005633,6.2E-05,0.007372,0.000521,0.012736,0.154522,0.002943,0.054974,36.34,0.001059,1,0.019244,0.019383,2.1E-05,0.100928,0.166965,0.337918,68.72,2.04,4.49
68,0.3849,0.219012,1.62,0.000158,457.33,79.2,0.113004,0.043263,274.66,0.001544,11.94,301.29,29.72,0.014735,0.002248,59.45,0.001398,0.039431,0.775586,1.24,10.38,1.1E-05,0.126992,1.56,0.012349,0.118905,0.312025,1.02,4.96,0.535843,0.479597,111.33,0.944475,9.9E-05,27.51,0.001362,0.076776,3.8E-07,1.54,3.3,0.001084,0.005399,7.8E-05,0.14155,0.989806,0.015328,4.4,3.33,0.225008,1,0.46131,1.7,1.2E-05,0.704781,0.926039,3.54,371.24,1.18,9.6
69,0.126553,0.205196,17.27,0.025943,131.66,2.42,0.005603,25.12,252.55,6.1E-05,3.83,13,0.836105,0.000347,0.000178,11.55,0.000225,0.001578,0.397955,329.43,0.995753,4E-08,14.89,0.122205,0.274905,0.004744,1.42,0.131729,0.188229,0.098242,0.041182,10.88,0.051367,0.293376,0.082726,3.21,0.020054,3.4E-09,0.19749,0.00452,3.7E-05,0.009613,0.007636,0.013347,0.14225,0.001951,0.051045,1.77,0.011986,1,0.020778,0.058479,0.007367,0.050024,0.020287,0.329201,70.96,1.99,2.39
70,0.386612,0.200064,4.43,0.000658,3625.04,1.43,0.004276,0.220703,227.17,5.4E-05,0.93885,2.34,30.22,5E-05,0.000188,60,0.000126,0.000109,0.020123,11.55,10.5,5E-06,2.31,0.023245,0.012869,0.00087,0.241117,1.05,5.18,0.02105,0.100929,0.462865,0.002405,0.0057,28.79,0.039785,0.008077,3.1E-07,1.23,3.33,9E-06,0.179082,0.000637,0.151975,0.963551,0.002158,4.39,32.12,0.000368,1,0.562794,0.023817,2.4E-05,0.052979,0.004597,3.62,347.51,1.48,10.66
71,0.130259,0.181779,1.52,0.000165,606.97,6.66,0.037656,0.04252,236.1,1.7E-05,2.32,2.87,0.860811,0.000132,0.000142,12,0.000267,0.000353,0.004184,1.25,1.03,3.9E-08,0.119221,3.8E-05,0.253609,0.004355,1.51,0.130269,0.192679,0.019294,0.125161,1.85,0.00137,9.6E-05,0.081484,0.001467,0.041259,3.4E-09,0.326811,0.004727,6.2E-05,0.007446,4.3E-05,0.015277,0.154051,0.003094,0.0451,3.21,0.001044,1,0.020611,0.019128,1.4E-05,0.099447,0.167956,0.333643,69.83,1.99,1.79
72,0.159049,0.169204,17.54,0.024249,229.09,91.41,0.120208,25.73,249.5,0.001772,13.03,325.97,35,0.016239,0.002178,63.72,0.00144,0.02876,0.781306,334.34,10.63,1.6E-05,15.48,1.76,0.011125,0.120963,0.22117,1.11,5.2,0.597057,0.510081,111.89,1.14,0.301941,27.13,3.25,0.084199,2.3E-07,0.349095,3.45,0.001126,0.007426,0.008119,0.151887,0.998517,0.016324,4.92,1.78,0.277082,1.01,0.571627,1.78,0.007867,0.790181,1.08,3.7,340.14,1.54,9.66
73,0.349711,0.198538,5.01,0.000648,466.06,2.34,0.005328,0.208308,234.81,6.7E-05,3.77,12.26,0.857861,0.000358,0.000165,11.34,0.000226,0.001422,0.404743,11.69,1.02,3.9E-08,2.6,0.11983,0.246793,0.004267,1.51,0.16439,0.186053,0.099498,0.040943,10.03,0.051094,0.005703,0.080181,0.038401,0.02003,4.1E-09,1.08,0.003556,3.6E-05,0.005124,0.000444,0.015487,0.17494,0.00194,0.039468,24.96,0.011579,1,0.54619,0.061248,1.9E-05,0.042415,0.01692,0.355961,77.3,1.88,1.17
74,0.132534,0.191566,1.47,0.000154,131.72,1.41,0.004319,0.046773,234.75,5.8E-05,0.904803,2.43,27.59,5.1E-05,0.000197,59.85,0.000127,1E-04,0.020727,1.3,10.6,5E-06,0.130548,0.023012,0.011452,0.000896,0.278547,1.12,5.53,0.020953,0.101603,0.465473,0.002196,9.6E-05,27.75,0.001291,0.008081,2E-07,0.193628,3.45,1E-05,0.007056,2.9E-05,0.142764,0.993993,0.002239,4,3.18,0.000357,1,0.467754,0.024553,1.7E-05,0.057118,0.00414,3.76,344.7,1.29,9.45
75,0.155935,0.187904,17.9,0.022118,3637.52,6.73,0.038572,26.05,216.69,1.8E-05,2.43,2.85,0.87786,0.000146,0.000142,12.05,0.000205,0.000326,0.004061,312.99,1.03,3.9E-08,15.1,0.000143,0.230846,0.004695,1.53,0.117095,0.181246,0.019433,0.136267,1.88,0.00161,0.286227,0.092682,2.91,0.042218,3.8E-09,1.15,0.00359,6.7E-05,0.181358,0.007344,0.016044,0.189853,0.002968,0.039226,1.68,0.00115,1,0.631481,0.018313,0.006843,0.099523,0.164932,0.338372,91.33,1.76,1.7
76,0.315336,0.166957,5.1,0.000652,607.15,95.39,0.11317,0.202453,237.26,0.001767,12.87,318.4,23.48,0.017557,0.002223,58.84,0.001463,0.03436,0.755877,11.72,10.28,8E-06,2.66,1.79,0.010432,0.126186,0.366967,1.06,4.71,0.622159,0.508828,112.75,1.11,0.005724,28.66,0.037276,0.082828,1.9E-07,0.311282,3.09,0.001179,0.008303,0.000447,0.138494,0.926321,0.016993,3.38,20.43,0.332996,1,0.688089,1.89,1.8E-05,0.798137,1.13,3.67,346.36,1.29,9.67
77,0.120126,0.177739,17.94,0.000173,230.3,2.26,0.004955,0.041536,239.22,6.1E-05,3.46,11.14,0.904782,0.000334,0.000152,11.26,0.000226,0.001378,0.405535,1.34,1.05,6E-06,0.146076,0.121142,0.231549,0.003945,1.56,0.115425,0.170472,0.101593,0.040567,10.69,0.054994,8.6E-05,0.117084,0.001749,0.019888,3.7E-09,0.355721,0.003659,3.6E-05,0.00772,2.4E-05,0.017474,0.200849,0.001966,0.03926,3.56,0.011658,1,0.835768,0.071401,1.4E-05,0.040406,0.01754,0.31363,97.19,1.84,1.61
78,0.15025,0.193841,4.8,0.020947,475.37,1.42,0.004211,24.51,206.9,6.1E-05,0.994546,2.38,26.1,5.4E-05,0.000203,62.25,0.000131,0.000107,0.019947,295.17,10.83,3.8E-08,15.47,0.023516,0.013517,0.00087,0.343605,1.1,4.74,0.021638,0.10361,0.495325,0.002404,0.27322,29.67,2.94,0.008483,1.8E-07,0.806403,3.42,1.1E-05,0.00505,0.006659,0.163895,0.974535,0.002231,3.15,1.68,0.000389,1.03,0.932806,0.025263,0.005827,0.059632,0.005015,3.58,311.55,1.44,10.58
79,0.394838,0.204945,17.66,0.00064,130.37,6.48,0.039063,0.204591,164.51,1.7E-05,2.25,2.8,0.907106,0.000103,0.000144,11.02,0.000204,0.000328,0.006152,11.68,1.05,1.6E-05,2.62,1E-05,0.217997,0.005296,1.68,0.115606,0.180245,0.01921,0.141297,1.94,0.001707,0.005647,0.19744,0.036017,0.041038,4.4E-09,0.194251,0.003633,7.1E-05,0.006472,0.000452,0.016154,0.228142,0.002501,0.038163,21.61,0.001208,1,1,0.023313,1.9E-05,0.102095,0.17318,0.288693,77.56,1.68,1.11
80,0.130962,0.305943,5.13,0.000178,3154.95,108.79,0.101345,0.032206,159.3,0.001565,11.31,320.11,24.79,0.015318,0.002282,62.99,0.001395,0.034576,0.733691,1.27,10.92,3.8E-08,0.136166,1.81,0.014149,0.118546,0.444327,1.14,4.71,0.615799,0.506391,112.33,1.18,9.7E-05,31.4,0.00167,0.084298,1.6E-07,1.13,3.3,0.001234,0.164167,2.5E-05,0.17178,0.974472,0.016269,3.02,3.3,0.276089,1,1.05,2.04,1.6E-05,0.839306,1.08,3.58,319.73,1.98,11.06
81,0.148987,0.009615,16.29,0.021934,610.68,2.48,0.005146,28.67,175.53,5.6E-05,3.26,11.42,0.889927,0.000337,0.000174,11.76,0.000227,0.001519,0.425343,347.48,1.03,9E-06,15.94,0.119664,0.219278,0.003739,1.97,0.108282,0.189527,0.106867,0.041076,12.23,0.056672,0.307264,0.192747,3.28,0.020751,4.4E-09,0.309349,0.00374,3.7E-05,0.005961,0.008434,0.019365,0.239264,0.002032,0.037486,1.66,0.011838,1,0.936708,0.062687,0.005725,0.042336,0.018048,0.243799,57.9,1.71,0.901141
82,0.419339,0.297123,5.29,0.00057,230.64,1.28,0.004269,0.222046,192.04,6.1E-05,0.965053,2.38,24.82,5.7E-05,0.000208,64.55,0.000129,0.000114,0.020776,11.76,11.22,7.6E-08,2.73,0.024321,0.014474,0.000885,0.422984,1.27,4.93,0.022518,0.101275,0.497247,0.002325,0.005725,28.53,0.036565,0.008558,1.7E-07,0.350443,3.21,1E-05,0.007404,0.000444,0.169046,1.02,0.002208,2.96,22.35,0.0004,1,1.01,0.025398,1.8E-05,0.059525,0.005822,3.66,290.64,2.49,11.07
83,0.143799,0.010021,16.85,0.000163,477.89,6.69,0.040865,0.040907,177.13,1.7E-05,2.24,2.82,0.887821,0.000101,0.000149,11.47,0.000186,0.00038,0.00477,1.26,1.04,7E-06,0.139129,1E-05,0.219314,0.00471,1.77,0.107905,0.192647,0.019393,0.130244,1.97,0.001699,8.9E-05,0.175901,0.00114,0.039558,4.3E-09,0.79827,0.003761,7.1E-05,0.005136,2.5E-05,0.020023,0.239862,0.002278,0.03584,3.43,0.001163,1,0.006257,0.02055,1.4E-05,0.103826,0.163062,0.240599,54.02,1.78,11.14
84,0.142958,0.360362,5.33,0.023053,129.22,119.35,0.111051,28.72,178.37,0.001757,12.24,323.14,26.97,0.01628,0.002338,64.58,0.001568,0.035932,0.814464,348.98,11.34,3.8E-08,15.03,1.94,0.015015,0.128261,0.535335,1.2,4.98,0.622342,0.511343,116.27,1.34,0.295884,27.73,2.74,0.088337,1.7E-07,0.19383,3.5,0.001258,0.00634,0.008397,0.172161,1.09,0.017095,3.09,1.7,0.297113,1.02,0.871103,2.2,0.004931,0.864793,1.27,3.89,302.17,2.68,11.53
85,0.439105,0.00959,16.84,0.000525,3882.59,2.66,0.005021,0.214598,155.32,6.1E-05,3.32,11.22,0.866963,0.000349,0.000181,11.62,0.00023,0.001681,0.4216,12.11,1.05,1.8E-05,2.69,0.127231,0.210481,0.003765,1.63,0.14565,0.181382,0.097851,0.040257,12.43,0.055967,0.005618,0.179885,0.034075,0.020501,4E-09,1.4,0.003783,3.6E-05,0.200778,0.000437,0.016803,0.234489,0.00202,0.036885,29.82,0.011306,1,0.006106,0.059725,2E-05,0.042888,0.019912,0.249335,60.27,1.75,12.39
86,0.13836,0.342233,5.41,0.000178,609.24,1.27,0.004479,0.041015,158.98,6.1E-05,0.910233,2.44,27.4,5.4E-05,0.000185,70.52,0.00013,0.000111,0.017147,1.29,11.53,3.9E-08,0.124429,0.023861,0.013566,0.000881,0.338663,1.14,5.14,0.022692,0.096199,0.506011,0.002248,8.8E-05,27.8,0.000919,0.008445,1.7E-07,0.319742,3.78,1E-05,0.005886,2.8E-05,0.168415,1.07,0.002195,3.22,3.56,0.000403,1,1.1,0.024979,1.4E-05,0.067738,0.007284,4.04,299.33,2.82,12.27
87,0.145655,0.009394,17.56,0.024881,230.51,6.32,0.037151,34.29,188.83,1.8E-05,2.22,2.91,0.884849,8.1E-05,0.000153,11.94,0.000195,0.000267,0.00404,387.74,1.06,4E-06,15.21,1.99,0.207861,0.005102,1.35,0.111721,0.17934,0.019013,0.156038,1.77,0.00163,0.33231,0.191014,3.01,0.036563,4.2E-09,0.335274,0.00391,6.6E-05,0.008532,0.008824,0.01867,0.244464,0.002178,0.035577,1.69,0.001155,1,0.006041,0.018768,0.005311,0.104455,0.192423,0.245576,65.7,1.74,36.59
88,0.328817,0.327665,5.11,0.000499,479,129.6,0.110796,0.177551,226.22,0.001708,11.64,333.21,28.85,0.016374,0.002393,70.45,0.001596,0.036012,0.795924,11.99,11.92,7.8E-08,2.62,0.129451,0.209876,0.126594,0.18364,1.16,5.1,0.61679,0.52264,118.04,1.29,0.005569,29.35,0.030131,0.08752,1.8E-07,0.782664,3.83,0.001253,0.004706,0.000441,0.152746,1.06,0.017447,3.06,26.65,0.284619,1,1.24,2.14,1.8E-05,0.81537,1.23,3.92,298.15,3.63,0.676966
89,0.080519,0.009594,18.15,0.000175,134.98,2.38,0.005514,0.044815,216.93,5.6E-05,3.33,11.69,0.975003,0.00034,0.00018,11.95,0.000228,0.002251,0.425675,1.35,1.07,8E-06,0.117835,0.025178,0.21397,0.003666,1.38,0.108555,0.181202,0.098445,0.041699,12.74,0.050971,1E-04,0.185407,0.001026,0.02114,3.9E-09,0.20382,0.003925,3.8E-05,0.006513,3E-05,0.156803,0.251779,0.001931,0.035226,1.84,0.011656,1,0.006273,0.058271,1.4E-05,0.042235,0.018367,0.244299,70.64,1.73,38.19
90,0.324097,0.278057,5.24,0.02432,4130.81,1.33,0.00435,19.15,223.79,6.4E-05,0.971999,2.33,27.23,5.4E-05,0.000204,71.09,0.000131,0.00011,0.015965,305.88,11.89,3.9E-08,15.22,2.06,0.211439,0.000975,0.146614,1.29,4.96,0.022391,0.095,0.517402,0.002224,0.186771,28.18,1.01,0.008501,1E-06,1.49,4.01,1.1E-05,0.209303,0.003613,0.123867,1.05,0.0023,2.98,1.28,0.000425,1,1.39,0.027574,0.007157,0.063642,0.00458,4.02,291.19,4.09,0.345835
91,0.099896,0.009815,18.34,0.000531,608.24,5.81,0.038584,0.218474,415.97,1.8E-05,2.21,2.78,0.906924,8.2E-05,0.000152,11.96,0.000175,0.000264,0.005752,11,1.2,5E-06,2.66,0.133593,0.204708,0.005195,1.44,0.118916,0.180824,0.018975,0.168369,1.87,0.001231,0.003629,0.186052,0.02032,0.036888,3.7E-09,0.320562,0.004143,6.7E-05,0.005897,0.000377,0.009761,0.258242,0.002257,0.038427,2.83,0.00114,1,0.006157,0.018965,2.5E-05,0.105072,0.204234,0.235213,87.64,1.89,42.84
92,0.316519,0.264949,5.45,0.000222,235.23,153.39,0.142661,0.038044,336.33,0.001979,13.38,343.91,27.75,0.018141,0.002598,65.56,0.001927,0.039437,1.05,0.916627,11.95,7.8E-08,0.129291,0.024794,0.189421,0.128401,0.214888,1.27,4.91,0.673047,0.562123,120.84,1.5,0.000145,29.96,0.001269,0.103844,1.7E-07,0.350013,4.07,0.001344,0.008197,3.5E-05,0.119873,1.08,0.020096,3.01,26.62,0.313873,1,0.962763,2.38,1.3E-05,0.955678,1.37,3.8,294.91,4.8,0.37497
93,0.071482,0.010101,18.7,0.02748,477.75,2.33,0.005104,17.78,319.02,5.5E-05,3.14,11.28,0.948144,0.000338,0.00018,12.11,0.000242,0.001382,0.417923,307.75,0.992573,5E-06,15.33,1E-05,0.198331,0.003306,1.39,0.111733,0.179811,0.092228,0.040722,11.83,0.053487,0.200415,0.193575,1.12,0.02147,4.3E-09,0.743973,0.003978,3.7E-05,0.004713,0.003752,0.009592,0.262203,0.001925,0.0376,1.86,0.01209,1,0.008514,0.056557,7E-06,0.035642,0.018661,0.223403,96.95,1.86,38.06
94,0.320285,0.279408,5.04,0.000554,133.13,1.31,0.004827,0.213967,305.99,6.3E-05,0.936059,2.38,28.15,4.8E-05,0.000205,71.42,0.00013,0.000112,0.017587,11.18,12.26,7.8E-08,2.62,2.06,0.197376,0.000846,0.176022,1.3,4.79,0.023715,0.092209,0.499452,0.002226,0.003712,29.31,0.021624,0.008494,1.5E-07,0.20502,3.98,1E-05,0.006349,0.00038,0.14957,1.06,0.002452,2.85,1.39,0.000419,1,0.748455,0.02696,0.005654,0.065944,0.004377,4,290.56,4.13,0.424698
95,0.096197,0.009873,19.09,0.000229,4161.27,6.19,0.03267,0.038741,270.95,1.8E-05,2.42,2.9,0.980952,8.6E-05,0.000172,11.6,0.000188,0.000275,0.003376,1.04,0.991068,8E-06,0.132037,0.126321,0.21536,0.004923,1.31,0.140862,0.18523,0.019154,0.172756,1.88,0.000989,0.000158,0.193108,0.001427,0.037189,4.5E-09,1.43,0.003847,6.3E-05,0.214441,3.9E-05,0.010146,0.264901,0.002044,0.038391,2.81,0.001305,1,0.009069,0.027876,2.1E-05,0.111279,0.193392,0.209668,109.34,1.84,35.68
96,0.332392,0.297881,5.7,0.026616,606.72,143.07,0.16014,18.27,292.03,0.002028,13.64,347.17,27.59,0.019357,0.002698,74.4,0.002019,0.039971,1.12,305.09,12.18,7.5E-08,15.93,0.026629,0.206634,0.136549,0.168375,1.26,4.9,0.678201,0.583702,121.63,1.58,0.201337,29.1,1.15,0.106607,1.4E-07,0.309334,3.66,0.001433,0.005842,0.003778,0.158053,1.03,0.020346,3.14,27.08,0.314341,1,0.697765,2.49,1.6E-05,0.991602,1.44,3.97,271.44,4.84,0.451497
97,0.08807,0.009192,18.66,0.0006,240.11,2.29,0.005257,0.220768,301.72,5.5E-05,3.28,10.92,0.953763,0.000331,0.000176,11.42,0.000241,0.001372,0.417052,10.44,1.01,6E-06,2.53,1E-05,0.194727,0.003192,1.54,0.107707,0.202016,0.089119,0.039271,12.46,0.072845,0.003496,0.186541,0.022506,0.021989,4.3E-09,0.39098,0.003464,3.6E-05,0.008444,0.000353,0.009186,0.299119,0.001925,0.033419,1.86,0.012233,1,0.007446,0.063701,7E-06,0.034442,0.019853,0.205778,105.06,1.74,37.41
98,0.095055,0.268989,5.79,0.00024,479.75,1.36,0.004681,0.034347,305.55,6.4E-05,0.852171,2.49,28.86,4.8E-05,0.000193,67.55,0.000132,0.000113,0.020019,1.21,11.96,1.1E-07,0.142859,1.99,0.188733,0.000799,0.174724,1.31,4.98,0.023205,0.092237,0.505111,0.002243,0.00014,32.07,0.001456,0.008569,1.4E-07,0.729107,3.54,1E-05,0.004749,3.8E-05,0.161635,1.04,0.002527,3.12,1.41,0.000367,1,0.72487,0.025038,0.005262,0.075518,0.004421,3.69,265.45,3.52,0.578698
99,0.328996,0.009354,18.95,0.026662,135.25,6.42,0.032635,18.17,293.01,1.8E-05,2.48,2.98,0.94824,9.2E-05,0.000178,11.22,0.000211,0.000324,0.003632,296.3,1.04,1.3E-05,16.7,0.116388,0.189395,0.004942,1.53,0.107529,0.207292,0.019761,0.194313,1.95,0.001456,0.197236,0.205229,1.11,0.036257,4.6E-09,0.21099,0.003245,7.2E-05,0.006273,0.003774,0.009212,0.292611,0.002081,0.035035,2.84,0.001443,1,0.012593,2.1,2.3E-05,0.11154,0.20492,0.212963,117.26,1.85,36.24
100,0.091406,0.263496,5.78,0.000621,4122.94,131.14,0.122084,0.255962,261.17,0.001947,13.56,327.23,27.84,0.019844,0.002687,73.42,0.001908,0.040176,1.02,11.09,11.49,2.3E-07,2.58,0.033,0.196548,0.12977,0.162818,1.31,5.36,0.622122,0.513977,118.82,1.35,0.003743,36.14,0.032532,0.09072,1.5E-07,1.42,3.59,0.001369,0.213031,0.00038,0.129988,1.1,0.018567,3.51,26.53,0.267107,1,0.683978,0.055777,1.2E-05,0.866313,1.37,4.18,288.67,3.99,0.545247
101,0.094115,0.009219,18.38,0.00023,623.51,2.17,0.005447,0.041129,256.15,5.5E-05,3.55,11.27,0.976486,0.000358,0.000162,11.46,0.000236,0.00125,0.419636,1,1.1,3E-06,0.149137,1.5E-05,0.202098,0.002984,1.62,0.131228,0.211765,0.096401,0.04018,13.96,0.033322,0.00012,0.20284,0.001372,0.02047,4.1E-09,0.336045,0.003358,3.6E-05,0.00587,3.7E-05,0.010042,0.261232,0.001912,0.037798,1.77,0.012064,1,0.00977,0.025406,7E-06,0.034844,0.016443,0.209706,144.11,1.71,34.91
102,0.336706,0.24196,6.14,0.02418,238.48,1.36,0.005072,18.23,268.1,6.1E-05,0.852152,2.51,27.84,5E-05,0.00017,66.8,0.00013,0.000105,0.017626,297.42,11.54,1.5E-07,15.81,1.76,0.221005,0.000838,0.162149,1.23,4.92,0.022926,0.101273,0.481594,0.002482,0.19794,33.52,1.15,0.00803,1.4E-07,0.397609,3.23,9E-06,0.007663,0.003909,0.128924,1.03,0.002476,3.4,1.33,0.000369,1,0.579266,2.14,0.005275,0.081677,0.004862,4.12,253.6,5.23,0.594411
103,0.097272,0.009455,18.23,0.000633,479.36,6.54,0.032433,0.240964,245.21,1.8E-05,2.18,2.84,0.981122,0.000112,0.000192,12.37,0.000163,0.000321,0.00362,11.5,1.15,6E-06,2.39,0.114671,0.22519,0.005702,1.78,0.134784,0.215994,0.020485,0.20177,1.98,0.001692,0.003936,0.180059,0.026859,0.034626,4.2E-09,0.73611,0.003711,7.2E-05,0.00475,0.000413,0.011137,0.303636,0.002082,0.032182,3.16,0.001295,1,0.012639,0.058706,2.1E-05,0.111439,0.207682,0.209878,183.36,1.99,38.5
104,0.312211,0.238167,5.9,0.00022,125.91,102.23,0.110996,0.042302,240.53,0.001881,12.18,316.13,26.59,0.019126,0.002332,70.71,0.001786,0.040082,1.01,0.869641,11.5,1.9E-07,0.171832,0.031748,0.437993,0.125097,0.171436,1.27,4.7,0.5732,0.536666,106.17,1.26,0.000117,32.28,0.001389,0.088583,1.3E-07,0.187606,3.36,0.001242,0.005808,3.5E-05,0.126006,1.06,0.017625,3.35,27,0.200741,1,0.551873,0.021126,1.6E-05,0.734686,1.4,4.13,237.88,1.83,0.556219
105,0.107567,0.009491,18.61,0.022364,4226.06,2.25,0.005409,19.65,221.56,5.5E-05,3.48,11.39,1.03,0.00034,0.00014,12.94,0.000235,0.00126,0.43559,296.53,1.17,7E-06,16.56,1.4E-05,0.424143,0.002847,1.67,0.138453,0.215135,0.088249,0.040529,13.39,0.0248,0.199005,0.289392,1.18,0.019959,4.1E-09,1.53,0.002874,3.4E-05,0.209995,0.003767,0.011713,0.350211,0.001934,0.030178,2.09,0.011537,0.999868,0.012595,2.39,4E-06,0.03734,0.01282,0.212259,226.17,1.71,32.35
106,0.092769,0.22797,5.75,0.000563,622.86,1.24,0.00332,0.273818,225.19,5.7E-05,0.91477,2.45,27.22,4.7E-05,0.000176,73.68,0.000125,0.000105,0.019007,11.53,12.12,1.5E-07,2.51,2.12,0.468168,0.000829,0.174482,1.34,4.66,0.022651,0.107756,0.467874,0.00235,0.00381,31.16,0.029765,0.008027,1.5E-07,0.323516,3.27,9E-06,0.005869,0.000425,0.130642,1.12,0.002321,3.51,1.45,0.000347,1,0.581202,0.059256,0.005345,0.072775,0.004354,4.44,262,1.65,0.571248
107,0.293925,0.009333,18.77,0.000217,238.17,5.36,0.031402,0.035444,247.3,1.8E-05,2.19,3.08,1.05,0.000113,0.000203,12.14,0.000157,0.000169,0.003423,0.731317,1.18,2E-06,0.110437,0.108246,0.480738,0.006263,1.43,0.16591,0.219517,0.020666,0.209641,2.05,0.001454,0.000114,0.185843,0.001338,0.029254,3.8E-09,0.390881,0.003281,7.3E-05,0.007678,3.4E-05,0.010231,0.383549,0.00213,0.030303,3.12,0.001533,1,0.011991,0.021331,2.1E-05,0.112975,0.207967,0.21252,255.58,1.66,25.82
108,0.10806,0.229099,6.59,0.023619,475.26,119.28,0.14144,20.95,249,0.002181,13.96,356.39,29.88,0.025323,0.00274,77.61,0.002153,0.046292,1.15,297.93,12.28,1.5E-07,17.09,0.035026,0.341865,0.130219,0.178249,1.31,5.19,0.675906,0.508075,126.01,1.47,0.206495,33.61,1.26,0.106711,1.6E-07,0.717387,3.57,0.001385,0.004719,0.003874,0.130315,1.22,0.021296,3.92,27.35,0.219417,1,0.529802,2.52,1.4E-05,0.876343,1.79,5.02,250.6,1.69,0.557802
109,0.092218,0.009121,17.81,0.000543,127.11,2.19,0.005327,0.267105,247.65,5.4E-05,3.57,11.45,1.09,0.000311,0.000157,12.19,0.000236,0.00125,0.44043,11.41,1.17,5E-06,2.58,1.4E-05,0.365831,0.002703,1.48,0.171526,0.223432,0.088898,0.040302,10.59,0.022294,0.003908,0.178713,0.03133,0.021362,5E-09,0.186852,0.003248,3.5E-05,0.00627,0.00045,0.009338,0.37705,0.001902,0.030634,2.29,0.012516,1,0.013871,0.057554,1E-05,0.03762,0.013736,0.203778,308.64,1.6,23.14
110,0.31394,0.229508,7.06,0.00021,4228.75,1.23,0.003249,0.050675,244.69,5.7E-05,0.861439,2.47,30.51,4.8E-05,0.000182,71.16,0.000122,0.00011,0.015824,0.616039,12.34,1.5E-07,0.112394,2.12,0.398442,0.000841,0.17892,1.4,5.34,0.023126,0.107518,0.45929,0.002283,0.000119,36.74,0.001506,0.007875,1.6E-07,1.53,3.66,9E-06,0.211518,3.4E-05,0.134605,1.21,0.002377,3.69,1.44,0.00038,1,0.551914,0.022235,0.005183,0.078869,0.004438,4.97,240.87,1.64,0.649329
111,0.10842,0.010032,19.12,0.022413,626.32,4.97,0.03259,20.63,242.72,1.7E-05,1.97,2.64,1.08,0.000121,0.000136,13.13,0.00014,0.000162,0.003462,298.33,1.17,8E-06,16.46,0.107923,0.4664,0.006752,1.21,0.146894,0.224222,0.018871,0.194779,2.03,0.001471,0.212616,0.177279,1.28,0.028861,5E-09,0.319105,0.003688,7.1E-05,0.005902,0.003971,0.010419,0.405304,0.002059,0.028928,3.26,0.001516,1,0.013038,2.64,2.2E-05,0.113888,0.209575,0.211073,236,1.64,24.34
112,0.324401,0.224476,6.86,0.000549,243.61,73.45,0.148976,0.282816,249.1,0.002024,14.87,350.17,30.34,0.02198,0.002769,68.82,0.002226,0.045363,1.18,11.97,11.95,1.5E-07,2.63,0.038067,0.419497,0.130026,0.180428,1.4,5.41,0.66061,0.496026,124.8,1.43,0.003879,35.72,0.032776,0.106538,1.5E-07,0.417071,3.43,0.001382,0.007831,0.000434,0.133167,1.17,0.020837,3.56,27.44,0.189056,1,0.555699,0.056656,1.1E-05,0.865105,1.49,4.97,228.69,4.8,0.634565
113,0.102371,0.010496,20.13,0.000211,474.6,2.15,0.005707,0.035444,264.43,5.8E-05,3.51,11.36,1.08,0.000294,0.000122,13.26,0.000235,0.00129,0.433993,0.56359,1.19,1.9E-05,0.105835,1.4E-05,0.317936,0.002593,1.21,0.137208,0.229213,0.099269,0.039889,10.21,0.017887,0.000123,0.202293,0.001521,0.022235,6.4E-09,0.699713,0.003578,3.4E-05,0.004711,3.9E-05,0.011047,0.417342,0.001885,0.028109,2.38,0.010262,1,0.017427,0.019639,1.1E-05,0.036566,0.014107,0.213118,321.79,3.4,22.04
114,0.32466,0.206529,6.71,0.019529,121.66,1.27,0.003413,19.45,257.65,5.8E-05,0.859568,2.51,30.78,4.8E-05,0.000171,69.23,0.000126,0.000101,0.014908,286.95,11.97,1.2E-07,16.91,2.41,0.316604,0.000983,0.174226,1.4,5.53,0.022549,0.108315,0.468083,0.00237,0.199053,32.96,1.13,0.008289,1.3E-07,0.18614,3.28,1E-05,0.006183,0.00349,0.129279,1.18,0.002423,3.64,1.47,0.000414,0.996536,0.551757,1.23,0.005393,0.071364,0.004134,4.91,225.35,3.03,1.03
115,0.106006,0.0104,19.61,0.000574,4599.88,4.9,0.027696,0.277311,259.03,1.8E-05,1.98,2.32,1.02,0.000148,0.000146,13.24,0.000132,0.000136,0.003342,12.04,1.16,1.2E-05,2.72,0.1074,0.255912,0.004647,1.12,0.143389,0.233913,0.017736,0.191188,1.96,0.001671,0.003751,0.144636,0.032839,0.028283,4.7E-09,1.82,0.003838,7.1E-05,0.22364,0.000435,0.011532,0.40747,0.001999,0.027891,3.33,0.001443,1,0.016575,0.053046,2.6E-05,0.11309,0.203632,0.205533,504.57,3.05,23.16
116,0.097853,0.192194,7.31,0.000216,614.54,65.44,0.169329,0.036467,247.58,0.002432,16.11,393.35,31.66,0.025204,0.00302,71.95,0.002543,0.047623,1.27,0.539657,12.41,1.2E-07,0.125812,0.03078,0.259853,0.151822,0.169566,1.39,5.7,0.713048,0.500976,141.2,1.9,0.000119,32.28,0.001305,0.119231,1.4E-07,0.337485,3.52,0.001475,0.005892,4.1E-05,0.125364,1.23,0.023954,3.81,25.98,0.205573,1,0.525275,0.022281,1.4E-05,0.987379,1.79,4.73,230.39,2.77,0.56612
117,0.320621,0.010406,19.02,0.022617,239.85,2.39,0.005838,24.2,229.5,5.7E-05,3.25,11.45,1.07,0.000303,0.000121,13.13,0.000232,0.001243,0.425111,295.45,1.19,3E-06,16.37,2.4E-05,0.242691,0.00259,1.07,0.146591,0.239255,0.098073,0.040655,8,0.017225,0.211949,0.149953,1.07,0.023075,4E-09,0.393598,0.003874,3.4E-05,0.007918,0.003745,0.011417,0.445752,0.001887,0.031855,2.57,0.009544,1,0.018007,0.00492,7E-06,0.034206,0.013871,0.1927,603.98,2.94,22.22
118,0.121052,0.219978,9,0.000674,482.28,1.33,0.003353,0.259362,231.32,5.7E-05,0.87374,2.54,34.21,5.1E-05,0.000181,76.92,0.000127,1E-04,0.015038,12.07,12.44,1.2E-07,2.54,1.82,0.196725,0.000869,0.173396,1.41,5.42,0.022075,0.107544,0.458517,0.002282,0.003745,38.08,0.033629,0.008048,1.5E-07,0.721973,2.77,1.1E-05,0.004704,0.000441,0.128127,1.31,0.002435,3.91,1.5,0.000362,1,0.459016,1.25,0.005794,0.071648,0.004595,4.85,232.63,3.35,0.750268
119,0.096238,0.010211,18.99,0.000211,124.15,4.94,0.028243,0.036542,219.94,1.7E-05,2,2.27,0.977,0.000157,0.000137,13.63,0.000131,0.000116,0.00284,0.567702,1.19,2.3E-05,0.12511,0.180937,0.197136,0.002782,0.951394,0.146551,0.225496,0.018204,0.186612,2.04,0.001547,0.000118,0.167994,0.00141,0.027111,4.2E-09,0.194916,0.003996,7E-05,0.006173,4.1E-05,0.010523,0.443965,0.00201,0.031769,3.55,0.001555,1,0.017647,0.05544,2.6E-05,0.11253,0.122843,0.196629,887.26,3.96,22.85
120,0.370578,0.215425,14.34,0.022619,4597.12,102.99,0.073222,23.44,213.54,0.00141,9.58,279.15,33.1,0.00903,0.002079,79.98,0.001124,0.06812,0.516107,300.19,12.74,3.9E-08,16.67,0.01961,0.208512,0.099369,0.173945,1.51,5.51,0.39058,2.98,87.64,0.867878,0.212676,40.13,1.2,0.05826,1.7E-07,1.92,2.99,0.001096,0.226186,0.003667,0.138014,1.41,0.029182,4.13,24.76,0.211956,1,0.541163,0.02286,1.4E-05,5.21,1.45,4.97,218.16,4.06,0.880791
121,0.121895,0.01015,19.44,0.000556,610.44,2.96,0.004173,0.264154,217.68,5.6E-05,2.89,9.2,1.01,0.000324,0.000189,13.88,0.00022,0.001316,0.252235,12.18,1.19,5E-06,2.5,1.93,0.210699,0.04337,0.989586,0.123591,0.233642,0.072986,0.029468,5.12,0.055525,0.003705,0.17305,0.032449,0.006495,4.6E-09,0.33788,0.003813,4E-05,0.005912,0.000451,0.010183,0.445635,0.002088,0.031822,2.21,0.008318,1,0.01761,0.005992,0.004639,0.032366,0.025594,0.185924,942.78,3.46,18.98
122,0.108687,0.240588,18.36,0.000202,239.84,0.83423,0.004222,0.031525,64.55,3.4E-05,0.957048,2.31,56.64,0.000323,8E-05,100.2,0.000137,9.9E-05,0.043107,0.447329,28.19,3.9E-08,0.123532,0.165243,0.216739,0.001464,0.167564,1.27,7.5,0.015138,0.065324,0.404538,0.001882,0.000117,38.44,0.001491,0.007199,8.6E-07,0.368208,3.76,1.2E-05,0.007891,4.5E-05,0.143182,1,0.00216,5.36,1.5,0.000477,1,0.579862,1.28,2.6E-05,0.035284,0.005176,4.88,222.41,3.45,0.8702
123,0.285505,0.009958,19.37,0.021902,484.83,2.63,0.017352,21.35,65.99,1.1E-05,3.19,1.79,0.600124,4.7E-05,4.6E-05,8.76,0.000236,0.000239,0.00677,304.01,0.748166,9E-06,15.97,0.019884,0.22579,0.001496,1.09,0.103539,0.169325,0.019121,0.03859,0.607218,0.000608,0.215947,0.174141,1.27,0.019422,3.1E-09,0.741124,0.004768,4.1E-05,0.004795,0.003794,0.009928,0.149624,0.001681,0.054847,3.45,0.000628,1,0.018616,0.053451,1.4E-05,0.059501,0.069895,0.252707,1333.74,4.83,14.08
124,0.122515,0.234459,13.43,0.000495,119.15,102.66,0.056903,0.258245,64.27,0.001372,10.12,285.94,48.94,0.009312,0.002333,94.82,0.001151,0.067406,0.500381,12.1,25.42,3.9E-08,2.44,1.93,0.234533,0.095086,0.204064,1.29,6.9,0.360841,3.14,88.84,1.03,0.003738,38.13,0.029905,0.058622,5E-09,0.183373,3.46,0.001107,0.005866,0.000442,0.135576,0.935901,0.031804,4.82,36,0.244843,1,0.697271,0.024648,0.004736,5.45,1.42,5.17,235.67,4.42,0.807772
125,0.112428,0.009848,20.66,0.000208,4376.53,2.83,0.004239,0.037553,65.07,5.6E-05,3.09,9.67,0.597028,0.000338,0.000203,8.88,0.000223,0.001325,0.257605,0.434829,0.747909,1E-05,0.127369,0.145975,0.217156,0.046721,1.03,0.360949,0.180705,0.077667,0.028805,5.57,0.054661,0.000117,0.174514,0.001415,0.006636,8.8E-07,1.72,0.004278,4.1E-05,0.215189,4E-05,0.008705,0.163474,0.002127,0.059511,2.07,0.008211,1,0.023224,0.004947,2.7E-05,0.034843,0.028718,0.26237,232.93,8.98,14.94
126,0.287174,0.20432,12.28,0.023036,606.59,0.928499,0.004577,21.17,58.04,3.5E-05,0.870561,2.54,56,0.000339,8.5E-05,113.4,0.000151,9E-05,0.037099,308.09,33.98,3.9E-08,15.44,0.016564,0.212477,0.001555,0.183705,1.53,7.79,0.016701,0.066853,0.456442,0.002046,0.220531,34.79,1.35,0.007762,3.2E-09,0.34045,4.32,1.1E-05,0.005932,0.004019,0.126858,1.15,0.002184,6.47,1.6,0.000503,1,0.658632,1.31,1.5E-05,0.034255,0.005745,5.93,205.57,10.2,0.8323
127,0.123772,0.009876,26.01,0.000536,235.02,1.8,0.01825,0.268188,52.2,1.1E-05,3.07,1.79,0.590771,4.5E-05,4.4E-05,9.15,0.000238,0.000194,0.008636,12.02,0.759313,1.5E-05,2.35,3E-06,0.246443,0.001655,0.98282,0.36053,0.168976,0.017532,0.038871,0.614064,0.000579,0.003803,0.171955,0.028412,0.020227,4.9E-09,0.353063,0.004293,4.5E-05,0.00786,0.000437,0.010237,0.165117,0.001735,0.054205,3.9,0.000679,1,0.014247,0.058776,0.004749,0.061681,0.09786,0.309469,196.32,9.57,15.04
128,0.115385,0.1964,3.69,0.000192,483.34,95.84,0.054771,0.03466,62.84,0.001432,9.88,283.93,60.04,0.009126,0.002939,106.83,0.001173,0.062944,0.490882,0.489014,25.75,3.9E-08,0.126844,1.9,0.241079,0.095703,0.171514,1.49,7.89,0.360492,2.86,88.65,0.801441,0.000108,34.9,0.001378,0.059357,9.1E-07,0.715205,3.78,0.001177,0.004874,5E-05,0.141433,1.18,0.030331,5.38,25.57,0.239735,1,0.571083,0.024002,2.5E-05,4.34,1.29,5.65,190.82,7.36,0.79657
129,0.2985,0.010872,1.51,0.022401,126.43,3.12,0.004062,20.73,54.38,5.7E-05,3.15,8.61,0.582951,0.000312,0.000184,8.61,0.000223,0.001158,0.26551,314.32,0.778122,7E-06,16.48,0.161669,0.254044,0.052118,0.964964,0.180792,0.157288,0.07422,0.028667,5.14,0.051356,0.220316,0.167085,1.43,0.006352,3.2E-09,0.185515,0.005345,3.7E-05,0.005715,0.004245,0.009588,0.181619,0.001957,0.05809,1.88,0.008071,1,0.014112,0.00679,1.3E-05,0.031622,0.028505,0.257451,197.88,8.15,18.23
130,0.124502,0.200115,24.28,0.000504,4236.31,0.974448,0.004198,0.263419,67.39,3.6E-05,0.897914,2.39,61.73,0.000327,0.000116,90.8,0.000141,9.1E-05,0.037559,12.59,22.22,3.9E-08,2.42,0.015937,0.244687,0.001715,0.174726,1.42,7.51,0.016098,0.066246,0.447103,0.001814,0.003875,35.86,0.033402,0.008125,5.4E-09,1.48,3.51,1.3E-05,0.204968,0.000396,0.155312,1.1,0.002069,4.56,1.53,0.000464,1,0.590302,1.34,0.004459,0.033722,0.005491,5.68,224.46,9.08,0.796898
131,0.129834,0.010844,3.63,0.000202,608.63,1.88,0.020723,0.041873,63.58,1.1E-05,2.88,1.61,0.589909,5E-05,5E-05,9.09,0.000242,0.000189,0.008389,0.517734,0.781978,1.6E-05,0.130844,4E-06,0.253327,0.001664,1.09,0.367608,0.162519,0.019442,0.035404,0.63306,0.000632,0.000124,0.168892,0.001374,0.019978,8.1E-07,0.350541,0.005959,4.4E-05,0.005954,5E-05,0.011233,0.148442,0.001696,0.062763,3.8,0.000643,1,0.015654,0.061915,2.4E-05,0.061112,0.038147,0.217379,238.6,9.06,17.08
132,0.289412,0.201205,1.78,0.022966,230.3,87.42,0.051667,20.61,71.49,0.001322,11.16,275.69,49.96,0.00909,0.00149,89.87,0.001037,0.065353,0.522192,317.08,21.71,3.9E-08,18.52,1.95,0.223747,0.092466,0.115758,1.3,8.04,0.347635,3.17,86.31,0.730116,0.218207,34.36,1.31,0.058275,3.4E-09,0.333499,3.26,0.000975,0.007355,0.004419,0.182209,1.05,0.031038,4.79,25.92,0.260334,0.999335,0.617453,0.023193,1.1E-05,5.18,1.24,5.35,239.49,8.94,1.13
133,0.126141,0.011361,28.56,0.000524,489.66,2.89,0.004126,0.254096,66.73,5.5E-05,3.54,9.07,0.614373,0.000317,0.000234,8.78,0.000216,0.001301,0.272543,12.01,0.845464,1.6E-05,2.38,0.166782,0.225262,0.052116,0.95479,0.370801,0.161149,0.07331,0.029769,5.73,0.050855,0.003814,0.173476,0.031273,0.006747,5.7E-09,0.767344,0.006342,4.2E-05,0.004805,0.000405,0.011355,0.141849,0.002095,0.067294,2.09,0.007848,1,0.017263,0.006978,0.004905,0.035838,0.027765,0.233079,203.19,8.28,15.18
134,0.128397,0.214148,3.7,0.000211,126.74,0.952027,0.004166,0.041775,67.39,3.6E-05,0.764659,2.14,48.18,0.00027,1E-04,80.11,0.000126,9.2E-05,0.041434,0.547178,21.45,7.8E-08,0.15307,0.015717,0.217398,0.001767,0.110199,1.25,7.89,0.014633,0.069906,0.448829,0.001872,0.000124,35.64,0.001426,0.007265,8E-07,0.181238,3.05,1.2E-05,0.005695,4.3E-05,0.189747,0.94505,0.00202,4.25,1.51,0.00044,1,0.604197,1.31,2.5E-05,0.029862,0.005405,5.23,119.81,8.77,1.16
135,0.272417,0.010276,1.74,0.02455,4582.96,2.2,0.021988,20.39,48.69,1.2E-05,3.12,1.9,0.627662,5.3E-05,5.2E-05,10.85,0.000256,0.00021,0.00894,333.38,0.769668,1.7E-05,17.62,3.2E-05,0.086301,0.001648,1.09,0.333202,0.162697,0.021258,0.036968,0.689257,0.000893,0.223181,0.170999,1.37,0.021254,3.1E-09,1.83,0.00602,5E-05,0.228811,0.004302,0.011982,0.124169,0.001655,0.068121,3.8,0.000705,0.99801,0.01948,0.062305,1.4E-05,0.064631,0.037925,0.259016,108.23,8.27,15.49
136,0.125604,0.246277,28.78,0.000513,598.21,85.98,0.052926,0.278848,45.11,0.001334,8.52,280.48,42.97,0.009309,0.001552,79.46,0.001052,0.068132,0.54487,11.95,18.23,3.9E-08,2.56,2.07,0.084839,0.097044,0.11335,1.23,7.49,0.349003,3.35,86.75,0.729305,0.003988,39.75,0.031433,0.059179,5.5E-09,0.344488,3.04,0.001034,0.005964,0.000414,0.207032,0.959156,0.034236,4,38.35,0.23148,1,0.560836,0.02364,0.005028,4.07,1.07,5.19,106.08,8.63,1.74
137,0.125935,0.010626,4.31,0.000196,227.18,2.98,0.004303,0.037768,54.06,5.5E-05,3.77,9.71,0.662553,0.000331,0.00021,10.18,0.000217,0.001449,0.27747,0.536495,0.816454,2.2E-05,0.188214,0.170469,0.06415,0.050824,0.93524,0.11892,0.162994,0.082654,0.030067,6.21,0.048494,0.000117,0.169928,0.001371,0.006676,8.2E-07,0.336219,0.006621,4.4E-05,0.007431,4.5E-05,0.011932,0.110585,0.002176,0.065426,2.03,0.008302,1,0.018388,0.006764,2.6E-05,0.037283,0.029615,0.272901,94.92,9.77,15.85
138,0.254927,0.205301,1.72,0.024303,477.59,0.923467,0.003988,22.13,52.48,3.6E-05,0.814794,2.1,40.42,0.000253,8.9E-05,76.37,0.000118,8.5E-05,0.035708,336.6,17.99,3.9E-08,18.11,0.016823,0.056277,0.001756,0.10827,1.24,8.57,0.015671,0.069331,0.409574,0.00182,0.2073,42.74,1.44,0.007125,2.9E-09,0.722479,3.05,1.2E-05,0.004776,0.004155,0.236783,1.01,0.001997,3.73,1.61,0.000449,0.999242,0.523006,1.4,1.3E-05,0.028485,0.005206,5.29,92.66,7.8,1.94
139,0.108158,0.009322,27.21,0.000543,136.77,2.1,0.022727,0.264536,55.04,1.2E-05,3.58,1.91,0.679494,6E-05,5.3E-05,9.17,0.000251,0.000176,0.008545,11.98,0.840367,8E-06,2.57,3.2E-05,0.050017,0.00157,0.913426,0.120218,0.163613,0.020665,0.042009,0.722831,0.000883,0.004003,0.172177,0.027876,0.021563,5.2E-09,0.184639,0.00647,4.6E-05,0.00567,0.000429,0.012033,0.11274,0.001956,0.066165,3.54,0.000616,1,0.024563,0.055471,0.004905,0.063976,0.042363,0.278878,90.6,6.48,14.1
140,0.258082,0.102324,4.16,0.000196,4578.77,83.21,0.052257,0.029732,58.89,0.001342,8.31,286.13,34.14,0.008977,0.001604,72.05,0.001051,0.067357,0.520488,0.561878,17.8,3.9E-08,17.06,2.17,0.05053,0.104483,0.118142,1.23,9.68,0.346785,3.45,88.58,0.724429,0.000113,40.5,0.001386,0.060045,7E-07,1.92,2.97,0.001001,0.226669,3.8E-05,0.183649,0.891775,0.034546,3.46,27.37,0.22332,1,0.554358,0.023967,2.6E-05,3.68,1.04,5.19,93.57,5.62,2.02
141,0.129014,0.093891,1.67,0.026285,575.54,2.87,0.004421,23.25,43.73,5.5E-05,3.47,9.34,0.712357,0.000339,0.000198,9.16,0.000216,0.001484,0.281863,339.63,0.850297,9E-06,2.58,0.161044,0.042191,0.049671,1.03,1.23,0.167896,0.088408,0.03096,6.17,0.051337,0.210581,0.17328,1.56,0.007091,3.4E-09,0.357441,0.006907,4.1E-05,0.00597,0.004138,0.011952,0.113483,0.002338,0.069432,2.25,0.008627,0.999709,0.023369,0.007671,1.4E-05,0.038243,0.028126,0.288821,96.7,5.01,14.7
142,0.129097,0.103608,28.34,0.000544,229.28,0.97476,0.003628,0.287989,59.97,3.5E-05,0.765071,2.24,34.04,0.000241,8.6E-05,71.98,0.000116,8E-05,0.029269,11.94,18.39,4E-08,16.82,0.014669,0.043714,0.00178,0.117117,0.083006,9.77,0.013798,0.070316,0.38796,0.001818,0.004275,28.7,0.028808,0.007035,5.4E-09,0.342363,2.9,1E-05,0.0077,0.000437,0.145437,0.908268,0.00186,3.48,1.55,0.00052,0.999999,0.03087,1.4,0.005153,0.028337,0.005385,5.27,96.58,5.28,1.72
143,0.246228,0.091705,4.22,0.000193,477.43,1.87,0.022704,0.041439,65.89,1.2E-05,3.52,1.93,0.704841,5.2E-05,5.5E-05,8.83,0.000249,0.000177,0.008692,0.522968,0.858533,1.3E-05,2.28,7E-06,0.048744,0.001551,1.05,1.21,0.164359,0.02124,0.047226,0.694402,0.000785,0.000116,0.162529,0.001376,0.021747,6.1E-07,0.724066,0.006976,4.7E-05,0.004641,3.5E-05,0.011596,0.115479,0.001941,0.075914,3.67,0.000616,1,0.030215,0.054277,2.6E-05,0.061801,0.044519,0.277263,97.44,2.21,15.07
144,0.130756,0.092424,1.59,0.02167,135.85,84.6,0.05229,23.35,61.14,0.001396,8.52,289.14,35.06,0.00932,0.001594,70.88,0.001056,0.07226,0.593678,338.76,17.92,7.9E-08,17.07,2.2,0.048005,0.095089,0.127636,0.082723,9.74,0.353409,3.84,88.13,0.777,0.211569,29.35,1.56,0.060751,3.4E-09,0.175247,3.04,0.001036,0.005528,0.004265,0.135111,0.911719,0.035004,3.46,40.2,0.224598,1,0.03249,0.021507,1.3E-05,3.07,1.12,5.12,95.13,2.02,1.98
145,0.129375,0.103885,28.55,0.000514,4892.01,2.97,0.004476,0.294865,61.96,5.6E-05,3.85,9.41,0.751169,0.000335,0.000239,8.76,0.000219,0.001439,0.345352,11.96,0.860979,6E-06,2.34,0.16134,0.051241,0.048708,1.12,1.17,0.1598,0.089474,0.031194,6.09,0.051408,0.004128,0.173875,0.027752,0.007162,5.7E-09,2.04,0.007667,4.6E-05,0.248479,0.000428,0.011295,0.128057,0.002357,0.079627,2.16,0.008911,1,0.028868,0.009095,0.005463,0.037241,0.034024,0.294224,96.99,2.08,12.56
146,0.256175,0.12592,4.22,0.000179,572.3,0.989767,0.003713,0.040773,65.95,3.3E-05,0.813605,2.17,34.82,0.000237,8.7E-05,70.48,0.000116,7.6E-05,0.029709,0.607655,17.72,3.9E-08,17.96,0.013805,0.057157,0.001769,0.121109,0.090509,9.28,0.013815,0.072068,0.407067,0.001875,0.000119,29.73,0.001361,0.007343,6.2E-07,0.364305,3.01,1E-05,0.005984,4E-05,0.119229,0.917951,0.001886,3.5,1.67,0.000498,1,0.028455,1.31,2.6E-05,0.029842,0.005413,5.3,96.09,2.01,2.17
147,0.120029,0.154994,1.51,0.02296,228.12,1.87,0.022636,22.35,73.55,1.2E-05,3.53,1.92,0.746159,5.6E-05,5.5E-05,8.8,0.000246,0.000148,0.008683,304.14,0.871999,2.5E-05,2.39,1.8E-05,0.036324,0.001558,1.18,1.21,0.163274,0.020945,0.045249,0.739802,0.000705,0.206147,0.183786,1.63,0.021496,3.3E-09,0.34328,0.007047,4.9E-05,0.007815,0.004474,0.011775,0.114691,0.001892,0.086462,3.9,0.000751,0.997423,0.028874,0.061263,1.3E-05,0.059831,0.045261,0.297482,106.62,1.94,8.15
148,0.127015,0.15811,25.77,0.000593,474.88,86.25,0.053069,0.244579,58.54,0.001392,8.35,293.2,32.04,0.009411,0.001992,77.06,0.001092,0.07623,0.607522,11.93,17.24,4E-08,23.39,2.14,0.028766,0.093485,0.124995,0.090511,8.28,0.359573,3.92,88.4,0.838975,0.004045,28.4,0.02691,0.061198,5.7E-09,0.778685,2.95,0.001158,0.005025,0.000428,0.138728,0.894508,0.036649,3.36,24.28,0.204555,1,0.033827,0.023772,0.005141,3.28,1.25,4.78,103.83,1.85,5.77
149,0.292525,0.136749,4.37,0.000189,138.34,2.9,0.004487,0.042547,61.5,5.9E-05,3.83,9.85,0.725155,0.000334,0.000264,9,0.000219,0.001544,0.28938,0.62603,0.893229,5.5E-05,2.19,0.158818,0.040491,0.05214,0.980278,1.25,0.161771,0.090193,0.030351,6.42,0.057745,0.000117,0.169917,0.001396,0.007598,5.1E-07,0.178459,0.007327,4.1E-05,0.005787,3.7E-05,0.011119,0.102415,0.002471,0.084937,2.32,0.008324,1,0.037545,0.011331,2E-05,0.036565,0.042851,0.325359,108.21,1.99,5.78
