,bitcoin,byteball,experience-points,golem-network-tokens,iconomi,ion,neo,paccoin,peercoin,ripple,zclassic,zcoin
0,6468.4,57.63,3.9E-08,0.032102,0.134057,1.13,26.96,3.1E-09,1.31,0.200558,1.89,5.1
1,700.97,64.74,8E-06,0.025888,0.961797,0.099608,0.168695,6.5E-09,0.256665,0.008196,2.01,5.15
2,314.17,63.57,3.9E-08,0.024192,0.136667,1.09,28.53,4.3E-07,0.39165,0.004687,2.12,5.16
3,338.32,934.1,8E-06,0.025874,1.16,0.098671,0.176226,3.4E-09,0.814681,0.004867,2.14,5.96
4,204,847.87,3.9E-08,0.023364,1.06,1.07,28.18,6.4E-09,0.37536,0.006073,2.41,7.47
5,6130.53,799.61,5E-06,0.023353,1.14,0.085697,0.168272,4.5E-07,1.17,0.202711,2.38,8.49
6,701.86,780.58,3.8E-08,0.019665,1.09,0.937964,31.9,3.3E-09,0.266532,0.008014,2.14,7.52
7,328.01,737.25,1E-05,0.019671,1.03,1.07,0.159859,6.5E-09,0.424313,0.004839,1.97,6.18
8,345.31,777.8,3.8E-08,0.019729,1.08,0.087211,30.67,4.1E-07,0.834673,0.00489,2.24,5.62
9,199.97,757.55,1.1E-05,0.021812,1.1,1.06,0.161594,2.5E-09,0.36889,0.005854,2.46,5.56
10,6153.85,791.26,3.8E-08,0.022923,1.43,0.087315,26.23,7E-09,1.2,0.202785,1.27,5.75
11,714.48,715.92,5.7E-05,0.023232,1.39,1.26,0.173087,4.3E-07,0.266388,0.007732,1.35,5.49
12,313.86,687.36,3.9E-08,0.023828,1.09,0.088246,26.32,3.2E-09,0.425463,0.004634,1.1,5.32
13,335.59,711.71,1.3E-05,0.024417,1.03,1.11,0.164002,7.1E-09,0.812206,0.004776,0.8904,5.34
14,204.39,755.01,3.8E-08,0.023513,1.07,0.12062,26.38,5E-07,0.39856,0.005998,0.84528,5.57
15,5753.09,761.85,9E-06,0.023117,1.07,1.06,0.160797,3.3E-09,1.19,0.201835,1.13,5.85
16,689.65,728.4,3.8E-08,0.476923,0.868465,0.119399,26.49,7E-09,0.278268,0.008143,0.841467,5.36
17,304.62,652.08,3E-06,0.513802,0.778123,1.04,0.175917,4.8E-07,0.388758,0.004675,0.853693,5.45
18,357.62,643.82,3.9E-08,0.571109,0.747819,0.120905,26.82,3.3E-09,0.874957,0.004845,0.899513,5.94
19,198.55,640.81,3E-06,0.549714,0.6727,1.08,0.173534,6.2E-09,0.3971,0.005942,0.885556,6.35
20,5780.9,725.37,3.9E-08,0.473199,0.716868,0.119496,24.5,3.6E-07,1.19,0.202785,0.941144,6.93
21,688.31,646.47,9E-06,0.564485,0.760461,1.13,0.197941,3.4E-09,0.282731,0.008481,1.19,6.62
22,293.79,685.11,3.9E-08,0.62524,0.727118,0.119431,26.86,5.9E-09,0.353743,0.004649,1.37,6.8
23,352.99,700.37,3E-06,0.655915,0.784942,1.14,0.211322,3.3E-07,0.865142,0.004891,1.2,6.99
24,196.44,707.7,3.9E-08,0.591251,0.698207,0.116906,1.03,3.3E-09,0.377165,0.006842,2.11,7.21
25,5904.83,864.73,1.1E-05,0.604908,0.545531,1.01,1.02,6.3E-09,1.19,0.203628,2.3,6.83
26,678.3,751.8,4.1E-08,0.648595,0.575,0.118269,0.966765,2.4E-07,0.281016,0.008835,2.29,6.62
27,285.3,747.55,7E-06,0.725816,0.504107,1.1,0.930106,3.8E-09,0.350714,0.004675,2.38,7.1
28,354.7,805.75,4.1E-08,0.579051,0.50897,0.140155,0.982348,6.6E-09,0.869808,0.004548,2,4.63
29,177.32,777.12,5.2E-07,0.616756,0.509019,0.372429,0.826549,3.1E-07,0.320949,0.006064,2.95,4.54
30,5750.8,765.16,5E-06,0.544276,0.526819,0.381423,1.11,3.6E-09,1.21,0.204604,3.08,4.92
31,657.59,635.92,1.4E-05,0.512017,0.518069,0.446017,1.76,6.6E-09,0.282868,0.008891,3.26,4.7
32,283.68,515.06,1.7E-07,0.508575,0.521314,0.417693,0.877157,3.1E-07,0.358372,0.004556,3.05,4.46
33,347.27,463.29,2E-06,0.577867,0.476756,0.412161,0.720486,3.8E-09,0.858411,0.004719,2.79,4.76
34,186.69,465.46,1.5E-07,0.505115,0.621117,0.438437,0.664141,7E-09,0.339776,0.00686,3.12,4.45
35,5526.64,430.61,3.5E-07,0.575122,0.610374,0.456582,0.665485,3.4E-07,1.23,0.206644,3.14,4.3
36,653.76,424.75,4E-06,0.583557,0.649418,0.514667,0.63186,4.5E-09,0.285115,0.009065,3.35,4.33
37,281.65,450.89,7.8E-07,0.534433,0.506193,0.475673,0.539481,9.7E-09,0.342471,0.004662,3.67,4.81
38,358.35,468.03,8E-06,0.533354,0.480687,0.50451,0.531643,3.4E-07,0.864344,0.005082,2.85,5.2
39,198.23,479.45,8E-07,0.523858,0.414353,0.365944,0.463667,3.6E-09,0.342938,0.008596,2.78,4.75
40,5930.32,542.21,2E-06,0.525862,0.387121,0.350788,0.470057,1.1E-08,1.18,0.196928,2.66,4.72
41,657.07,556.34,2E-06,0.521121,0.371319,0.349007,0.477543,3.5E-07,0.289104,0.009454,3.05,4.46
42,276.5,552.63,2E-06,0.479907,0.402782,0.381608,0.484544,4.4E-09,0.352785,0.004677,3.08,4.86
43,358.42,537.95,1.2E-05,0.462097,0.385069,0.372819,0.487684,1.2E-08,0.848546,0.005142,3.57,5.13
44,213.62,528.18,6.1E-08,0.484566,0.411059,0.392588,0.481077,2.8E-07,0.329188,0.007873,3.28,6.9
45,6008.42,457.77,5.2E-07,0.460203,0.355109,0.422212,0.503894,3.8E-09,1.25,0.204177,3.73,4.81
46,657.29,541,1.1E-05,0.231489,0.297313,0.416162,0.44937,1.1E-08,0.28891,0.008972,4.49,3.6
47,274.02,534.81,1.3E-07,0.229773,0.272965,0.434862,0.496572,2.9E-07,0.360881,0.004723,3.37,3.47
48,383.16,322.08,6.4E-08,0.244094,0.302591,0.441776,0.535792,4.4E-09,0.939908,0.005187,3.77,2.48
49,193.76,392.64,1.1E-05,0.225915,0.30499,0.425984,0.58767,1.2E-08,0.288702,0.006845,3.6,2.37
50,6031.6,474,7E-06,0.249879,0.317716,0.496456,0.576426,3.1E-07,1.26,0.211016,3.62,2.36
51,632.83,515.38,1.4E-07,0.247218,0.332025,0.515271,0.500309,4.3E-09,0.282031,0.009029,3.9,2.32
52,266.27,569.07,4.8E-08,0.250758,0.31356,0.53841,0.343782,9E-09,0.365371,0.004697,4.02,2.36
53,386.48,553.65,4.7E-08,0.295707,0.344347,0.567993,0.314833,3.1E-07,0.993274,0.005193,4.04,2.45
54,182.21,555.66,4.2E-08,0.301858,0.374838,0.526508,0.318838,4.1E-09,0.309757,0.006634,1.1,2.35
55,6011.45,648.58,1.9E-07,0.326748,0.300768,0.512737,0.203541,9.6E-09,1.25,0.210549,1.2,2.32
56,630.86,841.66,3.2E-08,0.276796,0.329151,0.426857,0.210556,3.4E-07,0.285412,0.009092,1.28,2.31
57,269.46,854.93,2.9E-08,0.276072,0.328727,0.495645,0.212428,4.4E-09,0.359952,0.004731,1.2,2.44
58,382.85,913.4,1.3E-07,0.239277,0.332454,0.451306,0.220632,9.4E-09,0.97219,0.005073,1.33,2.18
59,174.61,909.7,1.4E-05,0.266971,0.337153,0.496427,0.186426,3.2E-07,0.323029,0.0067,1.33,13.1
60,5708.52,896.36,1.2E-05,0.251553,0.346964,0.409292,0.160384,3.8E-09,1.2,0.21515,1.3,13.47
61,630.52,854.66,1.3E-05,0.195743,0.307169,0.367984,0.167305,6.3E-08,0.280014,0.008627,1.72,14.52
62,263.44,862.27,1E-05,0.213008,0.30418,0.375949,0.166465,1E-08,0.355408,0.005043,1.66,12.51
63,389.55,882.73,3E-06,0.259216,0.304161,0.376984,0.166412,6.4E-08,1.03,0.004949,1.92,13.91
64,172.42,600.72,2E-06,0.288043,0.347828,0.363426,0.173143,1.2E-08,0.310356,0.007252,1.49,14.67
65,5590.69,48.42,3E-06,0.317395,3.85,0.320827,0.164934,5.2E-08,1.14,0.21852,1.5,16.47
66,637.96,594.49,8E-06,0.282797,4.14,0.304645,0.153898,1.2E-08,0.282631,0.00835,1.34,16.92
67,261.64,49.7,6E-06,0.251804,4.46,0.36012,0.15756,6.3E-08,0.366017,0.004979,1.25,19.09
68,391.44,713.95,5E-06,0.341728,4.22,0.25029,0.158987,9.6E-09,1.02,0.004965,1.2,16.94
69,155.96,54.8,8E-06,0.382831,3.69,0.232731,0.139902,4E-08,0.315039,0.007942,0.99936,15.45
70,5605.51,741.38,1E-05,0.342022,4.05,0.207277,0.131867,9.1E-09,1.21,0.232064,1.13,14.47
71,639.19,52.99,1E-05,0.433511,4.42,0.186546,0.128653,4.6E-08,0.286269,0.00803,1.1,16.29
72,270.64,718.46,6E-06,0.460926,4.72,0.16141,0.133681,9.4E-09,0.379944,0.005203,1.1,16.76
73,383.76,45.07,5E-06,0.480977,5.07,0.165549,0.136979,4.6E-08,1.02,0.004904,1.22,18.84
74,146.25,723.63,5E-06,0.465082,4.73,0.176092,0.140575,1E-08,0.31005,0.008343,1.07,13.02
75,5725.59,53.68,4E-06,0.468033,3.99,0.198649,0.142142,5.1E-08,1.27,0.256232,1.24,11.16
76,641.63,799.57,2E-06,0.442944,2.89,0.194889,0.131476,9.5E-09,0.289794,0.008078,1.38,11.7
77,262.87,37.68,2E-06,0.466609,2.32,0.20496,0.132026,6.8E-08,0.374249,0.005398,1.55,10.31
78,382.56,823.87,2E-06,0.02841,2.33,0.202946,0.116242,9.4E-09,1.03,0.004855,1.63,12.68
79,142.55,37.3,3E-06,0.455692,1.99,0.192905,0.122573,4.6E-08,0.307908,0.007305,1.79,10.98
80,5678.19,714.38,2E-06,0.02926,1.89,0.202654,0.12345,8.9E-09,1.28,0.263983,1.85,7.58
81,638.65,39.51,4E-06,0.551352,1.95,0.18666,0.121757,3E-08,0.294401,0.008146,1.95,7.38
82,254.32,711.51,4E-06,0.029524,2.01,0.209115,0.119901,9.2E-09,0.375863,0.005399,1.92,7.18
83,394.77,38.21,3E-06,0.591069,1.86,0.222387,0.122444,3.4E-08,1.06,0.004827,1.75,7.29
84,145.24,719.77,2E-06,0.02928,1.9,0.250251,0.119301,1E-08,0.299194,0.008051,1.65,7.86
85,5831.79,41.48,1E-06,0.573883,2,0.212881,0.135197,3E-08,1.32,0.25732,116.67,7.16
86,640.38,885.65,4E-06,0.028628,2.01,0.224078,8.73,9.3E-09,0.292971,0.008767,0.846558,7.29
87,251.99,34.91,7.4E-07,0.551466,1.91,0.226868,9.77,2.9E-08,0.37441,0.005418,111.44,7.25
88,400.87,818.06,2E-06,0.029285,1.83,0.237977,8.38,9.5E-09,1.1,0.004872,0.774101,7.56
89,140.52,35.96,1E-06,0.573793,1.45,0.295401,6.83,1.9E-08,0.355516,0.008489,132.78,6.71
90,5647.21,856.45,2E-06,0.02682,1.35,0.278058,5.53,9.8E-09,1.3,0.260489,0.800344,6.52
91,636.79,24.83,3E-06,0.617087,1.25,0.909222,5.95,1.9E-08,0.294517,0.007982,149.03,6.75
92,249.51,747.95,2E-06,0.027696,1.29,0.214795,6.3,1E-08,0.379713,0.005377,0.827619,6.68
93,390.41,22.28,3E-06,0.585899,1.23,1.11,6.84,1.7E-08,1.08,0.004784,155.36,7.08
94,138.13,683.07,2E-06,0.027077,1.19,0.223635,6.94,9.2E-09,0.407483,0.008412,0.799989,7.08
95,5446.91,20.87,3E-06,0.572049,3.12,1.34,10.15,2E-08,1.31,0.248414,146.15,6.87
96,636.19,856.07,2E-06,0.023054,3.05,0.20704,8,1E-08,0.292457,0.007949,0.831166,8.18
97,245.31,20.55,2E-06,0.622448,3.08,1.02,11.72,1.5E-08,0.376132,0.00526,147.05,8.13
98,378.55,956.87,3E-06,0.023005,3,0.203129,5.26,9.9E-09,1.07,0.004858,0.823663,9.45
99,135.19,21.03,3E-06,0.752239,3.19,0.598173,3.76,1.6E-08,0.40557,0.009382,116.27,7.77
100,4826.48,1187.1,2E-06,0.019519,2.95,0.207685,2.77,9.3E-09,1.3,0.264439,0.892687,7.96
101,641.07,21.26,2E-06,0.70077,3.02,0.640135,1.78,1.9E-08,0.291363,0.008234,104.41,6.81
102,247.05,1002.91,1E-05,0.017804,3.94,0.236256,1.74,8.7E-09,0.386266,0.005182,0.926911,7.12
103,362.3,18.51,3E-06,0.653036,3.04,0.595494,1.81,1.5E-08,1.04,0.004753,107.57,6.3
104,130.9,704.53,3E-06,0.017882,3.05,0.231458,1.51,9.8E-09,0.395318,0.00897,0.929298,5.59
105,4781.99,20.05,2E-06,0.645019,2.67,0.558769,1.67,1.6E-08,1.32,0.260733,126.14,5.75
106,618.99,803.14,4E-06,0.017446,2.64,0.217144,1.68,8.7E-09,0.293798,0.007978,1.02,6.48
107,244.94,23.41,2E-06,0.681455,2.11,0.516762,1.55,2.2E-08,0.387186,0.005037,166.19,7.15
108,361.56,777.4,4E-06,0.014841,2.5,0.208581,1.36,9.1E-09,1.04,0.004871,1.07,7.77
109,130.59,24.38,3E-06,0.975621,2.24,0.486761,1.28,1.7E-08,0.390464,0.009861,149.5,6.95
110,4772.02,725.36,3E-06,0.016303,1.62,0.232662,1.34,9.8E-09,1.28,0.251825,1.05,8.27
111,616.75,24.6,4E-06,0.913869,1.69,0.480966,1.28,1.5E-08,0.295766,0.007543,141.43,10.04
112,243.93,778.44,8E-06,0.016483,1.99,0.149664,1.26,8.9E-09,0.386863,0.004983,0.999183,10.71
113,365.03,22.71,7E-06,0.966393,2.3,0.196189,1.26,1.2E-08,1.13,0.004824,127.3,9.82
114,130.69,844.86,8E-06,0.017285,2.39,0.46278,1.35,1.1E-08,0.389456,0.009663,0.939071,11.45
115,4610.48,16.87,5E-06,0.915543,2.13,0.196536,1.24,1E-08,1.32,0.279944,145.68,11.67
116,619.11,754.35,6E-06,0.016359,2.43,0.487061,7.33,1.2E-08,0.294155,0.00731,0.746813,11.96
117,242.3,19.25,4E-06,0.813864,3.08,0.082429,7.15,9E-09,0.375436,0.005031,192.11,11.73
118,352.94,853.51,8E-06,0.013843,3.1,0.473447,7.26,1.1E-08,1.05,0.004787,0.795483,11.78
119,126,25.4,1.1E-05,0.942575,3.05,0.069083,7.09,7.4E-09,0.4032,0.009451,202.68,11.14
120,4426.89,819.77,8E-06,0.014504,3.54,0.530024,7.72,1.2E-08,1.33,0.23861,0.850386,71.31
121,617.12,26.1,0.000681,1.07,3.68,0.208341,7.17,9.9E-09,0.29995,0.007377,224.14,1.73
122,242.97,813.8,0.000632,0.012503,3.68,0.476653,7.35,1.2E-08,0.382846,0.005375,0.593843,66.56
123,336.19,20.95,0.000928,1.09,3.43,0.137461,8.46,1.2E-08,1.06,0.004765,169.5,1.87
124,126.94,779.03,0.001071,0.011161,3.58,0.574396,8.57,1.3E-08,0.403669,0.00924,0.512988,78.8
125,4370.81,20.96,0.001246,1.08,3.36,0.239488,8.62,1.2E-08,1.23,0.234039,167.44,1.88
126,613.02,66.08,0.001235,0.011914,2.38,0.540673,7.42,1.5E-08,0.304065,0.007382,0.377319,81.01
127,246.06,73.98,0.001459,1.03,0.40742,0.188386,7.21,1E-08,0.387116,0.005328,169.11,1.66
128,330.08,79.22,0.00126,0.011371,2.43,0.696971,5.88,1.5E-08,1.08,0.00473,0.370099,75.05
129,129,79.37,0.001285,0.949392,0.386489,0.229343,6.02,1E-08,0.4644,0.009819,175.87,1.49
130,4328.41,59.86,0.001296,0.01082,2.76,0.705383,5.77,1.4E-08,1.21,0.237016,0.351785,73.54
131,612.51,66.5,0.001402,1.09,0.396057,0.23018,5.04,9.3E-09,0.305116,0.007435,196.64,1.51
132,240.38,61.29,3.9E-08,0.012581,2.95,0.752048,5.03,1.3E-08,0.372006,0.005008,0.358406,74.11
133,320.51,56.4,0.001667,1.08,0.390797,0.318345,5.54,8.6E-09,0.816533,0.004789,228.43,1.46
134,128.55,57.78,3.9E-08,0.010772,2.49,0.709681,6.29,1.3E-08,0.496203,0.009488,0.335189,73.46
135,4229.36,66.02,0.001609,1.09,0.388732,0.401335,6.63,1E-08,1.28,0.214774,193.25,1.51
136,610.2,68.54,3.9E-08,0.009863,2.53,0.750983,5.4,1.6E-08,0.304636,0.007853,0.331028,71.89
137,238.26,70.25,0.001823,0.932031,0.385969,0.685908,6.03,1E-08,0.374779,0.005236,122.42,1.81
138,328.87,75.92,3.8E-08,0.009868,2.67,0.673356,6.9,1.2E-08,0.804042,0.004941,0.372201,70.29
139,129.01,73.55,0.001663,0.022814,0.377076,0.51011,7.45,9E-09,0.439924,0.009873,99.69,1.71
140,4317.48,66.97,3.9E-08,0.021789,2.37,0.444386,6.77,1.2E-08,1.24,0.203318,0.421588,78
141,612.13,74.3,0.001377,0.023706,0.383004,0.396158,7.84,9.4E-09,0.30351,0.008089,108.25,0.92141
142,238.73,68.34,0.002217,0.024267,2.25,0.366963,8.03,1.1E-08,0.374452,0.005517,0.407882,88.79
143,359.51,471.74,0.002219,0.023797,0.403361,1.15,7.78,9.4E-09,0.824693,0.005023,92.89,0.902267
144,123.63,51.24,3.9E-08,0.024034,2.24,0.193645,8.22,1.3E-08,0.294239,0.009112,0.409965,79.21
145,4409.32,521.66,0.002574,0.028473,0.395322,1.34,8.1,5.7E-09,1.25,0.202676,102.3,0.884294
146,610.89,70.39,3.9E-08,0.021683,2.58,1.39,7.95,1.1E-08,0.307292,0.008165,0.392851,77.68
147,237.29,535.09,0.002699,0.023708,0.39604,1.5,145.76,8.3E-09,0.380398,0.005868,0.879913,0.975131
148,375.07,70.8,4E-08,0.02882,3.06,0.17587,0.147016,1.2E-08,0.886952,0.004874,0.702599,77.11
149,114.13,441.13,0.002679,0.037937,0.386986,1.34,146.28,6.5E-09,0.284184,0.007862,0.456431,1.07
