,ardor,bitcoindark,dash,digitalnote,einsteinium,ethereum-classic,gamecredits,monacoin,pivx,reddcoin,stellar,stratis,vertcoin,viacoin,waves,zcoin
0,0.136985,1.03,2.24,1E-04,7.7E-05,16.88,0.015262,0.069667,3.08,1.1E-05,0.001923,3.31,0.029603,0.005407,4.76,5.1
1,0.137514,2.18,2.04,5.7E-05,0.00017,0.909567,1.8E-05,0.04698,0.0094,4.6E-05,0.001958,0.096157,0.063536,0.051407,0.332264,5.15
2,0.129929,75.12,284.23,0.001191,0.059634,17.55,2.03,2.72,3.22,0.000825,0.033832,3.73,3.02,1.15,5.05,5.16
3,0.123432,2.89,9.96,0.000264,0.001709,0.922699,0.161984,0.03069,0.009719,4.7E-05,0.002438,0.10669,0.03801,0.046951,0.357763,5.96
4,0.088507,0.991104,2.33,0.000115,6.8E-05,17.87,0.013684,0.071419,3.14,1E-05,0.001956,3.61,0.030796,0.005233,5.03,7.47
5,0.08543,2.3,2.11,5.7E-05,0.000188,0.888597,2.7E-05,0.046386,0.00967,5E-05,0.001914,0.107251,0.071199,0.052647,0.380149,8.49
6,0.084657,85.56,275.7,0.001374,0.072014,16.11,1.92,3.03,3.18,0.001017,0.031269,3.22,3.34,1.34,4.4,7.52
7,0.090404,2.82,10.36,0.000252,0.001819,0.902412,0.171517,0.029714,0.011633,4.6E-05,0.002407,0.08569,0.035455,0.046785,0.39035,6.18
8,0.077071,1.01,2.41,0.000115,8.5E-05,15.18,0.012292,0.077133,2.98,9E-06,0.001957,2.88,0.033393,0.00495,3.7,5.62
9,0.060481,2.04,2.07,6.4E-05,0.0002,0.909944,3.1E-05,0.04724,0.011483,5.4E-05,0.002034,0.086053,0.074733,0.056638,0.400963,5.56
10,0.062679,78.04,277.86,0.001371,0.072835,19.42,1.93,2.79,3.36,0.001021,0.036429,3.3,2.79,0.993247,4.12,5.75
11,0.064107,2.75,10.77,0.00026,0.001822,0.917606,0.165903,0.029765,0.009091,4.8E-05,0.002476,0.087435,0.035032,0.043421,0.379701,5.49
12,0.064642,0.955727,2.28,0.000119,7.8E-05,14.6,0.012768,0.073799,3.3,8E-06,0.001975,3.2,0.032424,0.005059,4.24,5.32
13,0.072107,2.23,2.08,7.1E-05,0.000211,0.921264,3.8E-05,0.046115,0.010943,5E-05,0.00207,0.067969,0.074265,0.055767,0.375629,5.34
14,0.064849,84.5,289.19,0.001275,0.081336,14.21,1.82,2.91,3.39,0.000964,0.026756,3.75,2.03,0.937172,4.91,5.57
15,0.067724,2.78,10.5,0.000267,0.001477,0.913514,0.181304,0.030415,0.009236,4.4E-05,0.00267,0.064787,0.034136,0.037447,0.368976,5.85
16,0.061301,0.953111,2.41,0.000105,8E-05,14.02,0.010906,0.068671,3.38,1.1E-05,0.00187,3.53,0.032085,0.005053,4.5,5.36
17,0.051947,2.37,2.11,6.2E-05,0.000212,0.943784,3.9E-05,0.046136,0.01279,5E-05,0.002023,0.069018,0.073727,0.067474,0.349219,5.45
18,0.050448,87.07,295.47,0.001397,0.087179,13.92,1.81,3.26,2.84,0.001028,0.031195,3.02,2.11,1.06,3.69,5.94
19,0.046981,2.84,10.29,0.000287,0.001432,0.927765,0.17924,0.030544,0.016044,4.4E-05,0.002339,0.059499,0.035142,0.044761,0.351602,6.35
20,0.045984,0.943124,2.34,0.000117,8.4E-05,14.33,0.011619,0.073609,2.89,1E-05,0.001933,3.01,0.031962,0.005109,3.52,6.93
21,0.021911,2.42,2.27,6.7E-05,0.000218,0.982655,3.9E-05,0.045785,0.013178,5.4E-05,0.002023,0.052001,0.075163,0.06853,0.368279,6.62
22,0.02038,87.37,297.26,0.001464,0.090029,13.24,1.91,2.82,3.06,0.001061,0.035133,3.04,1.77,1.11,3.45,6.8
23,0.021811,2.96,10.21,0.000227,0.001397,1.04,0.176586,0.030677,0.010511,4.3E-05,0.002388,0.052485,0.036124,0.039162,0.349872,6.99
24,0.021963,1.02,2.37,0.000101,8.1E-05,11.89,0.012126,0.069564,2.75,1E-05,0.001972,2.99,0.033301,0.004657,3.62,7.21
25,0.021587,2.33,2.29,6.4E-05,0.000205,0.972006,7.3E-05,0.049587,0.008744,5.5E-05,0.002059,0.051577,0.077173,0.070361,0.340576,6.83
26,0.021503,83.24,299.88,0.00144,0.092723,12.66,1.93,2.95,2.84,0.001064,0.045842,3.13,1.66,1.13,3.68,6.62
27,0.020077,3,10.62,0.000296,0.001438,0.893556,0.159036,0.031339,0.008955,4.5E-05,0.002291,0.048739,0.035561,0.034542,0.345537,7.1
28,0.018585,1.11,2.43,0.000145,8.3E-05,10.24,0.012724,0.066867,2.71,1.1E-05,0.001986,2.88,0.033419,0.004813,3.19,4.63
29,0.020146,2.41,2.27,6.7E-05,0.000213,0.885256,3.4E-05,0.051131,0.008228,5.1E-05,0.002021,0.054034,0.07309,0.069406,0.352219,4.54
30,0.021406,86.53,302.21,0.001603,0.09189,10.26,1.97,3.54,2.69,0.001098,0.036865,3.08,1.75,1.11,2.89,4.92
31,0.022639,3.02,10.85,0.000189,0.001316,0.884664,0.160484,0.031763,0.007882,4.5E-05,0.002418,0.055675,0.035806,0.026696,0.345782,4.7
32,0.019284,1.23,2.34,0.000138,8.4E-05,17.68,0.014084,0.067898,1.51,1E-05,0.001936,5.09,0.03449,0.004786,2.95,4.46
33,0.016839,2.61,2.18,6.5E-05,0.000214,18.54,3.6E-05,0.051933,0.002311,5.3E-05,0.00208,5.87,0.068214,0.076925,2.38,4.76
34,0.015096,87.22,309.51,0.001692,0.091904,17.1,1.66,4.18,1.71,0.001139,0.018925,3.76,1.4,1.04,2.68,4.45
35,0.016927,2.79,11.1,0.000184,0.001513,16.13,0.143721,0.031919,0.002347,4.4E-05,0.002439,3.12,0.036206,0.025079,2.47,4.3
36,0.019918,1.23,2.25,0.000125,7.8E-05,16.26,0.00971,0.06917,1.66,1E-05,0.001934,2.68,0.034977,0.004464,2.25,4.33
37,0.019225,3.16,2.07,6.1E-05,0.000225,14.26,4E-05,0.060765,0.002404,5.5E-05,0.002174,3.03,0.066718,0.086654,2.49,4.81
38,0.017909,85.81,316.69,0.001707,0.095152,16.35,1.8,4.15,1.34,0.001052,0.017522,2.67,1.34,1.02,2.36,5.2
39,0.018002,2.76,11.53,0.000155,0.001525,18.87,0.141051,0.031384,0.002395,4.5E-05,0.002479,3,0.037081,0.026223,2.75,4.75
40,0.016369,1.15,2.32,0.000126,8.6E-05,11.94,0.005681,0.069905,1.08,8E-06,0.001915,2.99,0.035571,0.004444,2.57,4.72
41,0.01604,2.6,2.06,5.8E-05,0.000222,9.9,3.9E-05,0.064153,0.002409,5.5E-05,0.002352,1.95,0.061277,0.082813,1.87,4.46
42,0.014567,85.14,310.38,0.001436,0.091713,9.4,1.89,4.67,1.19,0.001075,0.01796,2.11,1.22,1.04,1.77,4.86
43,0.015304,2.69,11.44,0.000153,0.001483,7.41,0.114978,0.031675,0.002357,4.5E-05,0.002539,2.01,0.037674,0.025386,1.64,5.13
44,0.015817,1.12,2.35,0.00011,7.5E-05,7.99,0.010915,0.064496,1.36,1E-05,0.002101,1.66,0.034898,0.004383,1.57,6.9
45,0.017111,3.25,2.57,6.3E-05,0.000223,6.73,5.3E-05,0.064709,0.002381,5.1E-05,0.002299,1.41,0.067142,0.082284,1.38,4.81
46,0.017056,83.71,291.91,0.001715,0.101455,5.93,1.95,3.4,0.903705,0.001085,0.017784,1.26,1.21,1.05,1.34,3.6
47,0.015952,2.65,11.43,0.000147,0.001426,6.26,0.115696,0.031011,0.003135,4.5E-05,0.002637,1.24,0.037902,0.025209,1.26,3.47
48,0.015778,1.2,2.34,0.00013,7.6E-05,6.41,0.011772,0.065303,0.99146,1.2E-05,0.002031,1.2,0.038185,0.004275,1.4,2.48
49,0.014489,3.13,2.14,6.7E-05,0.000219,6.83,4.7E-05,0.0674,0.002923,5.3E-05,0.002243,1.28,0.064198,0.087058,1.37,2.37
50,0.014281,88.92,298.4,0.00183,0.084967,6.14,1.93,1.45,0.890556,0.001061,0.01945,1.25,1.28,1.15,1.19,2.36
51,0.014405,2.61,11.73,0.000155,0.00138,6.34,0.118123,0.029075,0.003249,4.6E-05,0.002679,1.26,0.037493,0.025131,1.11,2.32
52,0.2282,1.2,2.39,0.000125,7.6E-05,6.48,0.011914,0.062186,0.977864,1.2E-05,0.00211,1.32,0.036489,0.004333,1.2,2.36
53,0.219496,2.77,2.17,6.6E-05,0.00021,6.6,6.9E-05,0.063708,0.002693,5.1E-05,0.002336,1.26,0.061467,0.084625,1.2,2.45
54,0.233143,78.35,291.27,0.001571,0.06897,6.44,1.85,0.761928,1.13,0.001095,0.018953,1.13,1.15,1.01,0.917445,2.35
55,0.2189,2.63,11.69,0.000137,0.001374,6.66,0.116793,0.030153,0.002601,4.3E-05,0.002466,1.18,0.03976,0.026093,0.818904,2.32
56,0.240987,1.24,2.43,0.000135,7.6E-05,7.12,0.011771,0.067763,1.18,1E-05,0.002084,1.18,0.033653,0.004435,0.789317,2.31
57,0.256594,3.01,2.24,9.1E-05,0.000207,7.27,6.2E-05,0.068562,0.002682,5E-05,0.002309,1.2,0.053352,0.085636,0.798015,2.44
58,0.263147,75.53,283.67,0.001597,0.068558,7.53,1.87,0.69098,1.16,0.001004,0.017601,1.2,1.13,0.987377,0.732555,2.18
59,0.275835,2.66,11.59,0.000137,0.001347,7.63,0.117812,0.028864,0.00266,4.8E-05,0.002376,1.16,0.038135,0.023557,0.715918,13.1
60,0.262028,1.18,2.36,0.00013,7.5E-05,6.67,0.011701,0.077799,1.15,1E-05,0.002121,1.04,0.033026,0.004238,0.669789,13.47
61,0.270153,3.24,2.4,9.1E-05,0.000209,6.58,3.9E-05,0.064905,0.002685,5.1E-05,0.002358,0.812072,0.051937,0.08273,0.6223,14.52
62,0.262164,83.88,302.48,0.001701,0.076141,6.89,2.23,0.655201,1.05,0.000968,0.018598,0.747317,1.14,1.03,0.597523,12.51
63,0.279734,2.6,11.72,0.000136,0.001461,2.83,0.120035,0.02865,0.00267,4.3E-05,0.002317,0.198193,0.037211,0.024467,0.376973,13.91
64,0.214873,1.21,2.38,0.000124,8E-05,2.83,0.011134,0.079048,1.12,9E-06,0.001996,0.198118,0.03587,0.004345,0.381375,14.67
65,0.196342,3.47,2.34,0.000103,0.000195,2.33,7E-06,0.061833,0.00264,5.2E-05,0.002477,0.203608,0.043729,0.079815,0.401914,16.47
66,0.210514,92.74,310.49,0.002083,0.083028,2.27,2.4,0.805991,1.22,0.001026,0.020959,0.179755,1.32,1.17,0.374437,16.92
67,0.217062,2.65,11.87,0.000142,0.001548,2.13,0.122251,0.029773,0.002375,3.8E-05,0.002374,0.173743,0.035982,0.024623,0.361338,19.09
68,0.219239,1.26,2.4,0.00015,8E-05,2.31,0.01155,0.081972,1.29,1E-05,0.002075,0.187084,0.033875,0.00418,0.318849,16.94
69,0.199867,3.25,2.13,1E-04,0.000187,2.28,7E-06,0.060414,0.002356,4.7E-05,0.002447,0.131945,0.04059,0.078892,0.301237,15.45
70,0.17841,89.87,306.88,0.002013,0.09073,2.41,2.32,0.527705,1.22,0.000963,0.018403,0.114551,1.45,1.25,0.280473,14.47
71,0.182277,2.57,12.06,0.000129,0.001532,2.29,0.11749,0.032252,0.002443,3.8E-05,0.002306,0.13146,0.03579,0.0257,0.27272,16.29
72,0.178669,1.24,2.39,0.000132,8.6E-05,2.4,0.011266,0.08252,1.19,8E-06,0.002077,0.135158,0.038023,0.00476,0.272987,16.76
73,0.181808,3.41,2.25,0.000108,0.000197,2.43,6E-06,0.060244,0.002386,5E-05,0.002574,0.137328,0.044601,0.077989,0.290301,18.84
74,0.154464,91.67,305.4,0.002034,0.077186,1.95,2.51,0.465901,1.12,0.000996,0.014576,0.125509,1.23,1.18,0.284629,13.02
75,0.140002,2.53,12.03,0.00014,0.001586,1.92,0.11863,0.032673,0.002268,4.3E-05,0.002485,0.1098,0.03609,0.025988,0.278302,11.16
76,0.153429,1.28,2.34,0.000136,8.4E-05,1.7,0.011939,0.080941,1.24,1E-05,0.001989,0.09475,0.037949,0.00424,0.261998,11.7
77,0.162378,3.16,2.25,0.000105,0.000174,1.91,2.54,0.067367,0.002383,4.8E-05,0.002387,0.098099,0.040458,0.075314,0.268144,10.31
78,0.136406,93.28,305.46,0.002123,0.084733,2.13,0.122851,0.445177,1.37,0.001054,0.011851,0.091484,1.15,1.28,0.310488,12.68
79,0.136713,2.47,12.06,0.000146,0.00161,1.8,0.013822,0.032422,0.002692,4.3E-05,0.00259,0.095897,0.035491,0.026798,0.304406,10.98
80,0.136704,1.21,2.17,0.000111,9.9E-05,1.66,7E-06,0.08057,1.46,1.1E-05,0.002051,0.100155,0.041235,0.004453,0.253599,7.58
81,0.122261,3.68,2.24,0.000118,0.000191,1.65,2.43,0.047484,0.002761,5.3E-05,0.002371,0.102315,0.046901,0.081977,0.2724,7.38
82,0.108343,98.73,296.24,0.0022,0.095887,1.42,0.11572,0.455395,1.56,0.001078,0.012403,0.092499,1.05,1.43,0.256818,7.18
83,0.039141,2.62,11.89,0.000147,0.001564,1.38,0.014605,0.034454,0.00302,4.3E-05,0.00271,0.082104,0.035501,0.029057,0.219194,7.29
84,0.10631,1.23,2.17,0.00014,9.9E-05,1.3,8E-06,0.081001,1.54,1E-05,0.002013,0.078365,0.043029,0.004012,0.199242,7.86
85,0.039318,3.74,2.4,0.000141,0.000212,1.32,2.41,0.051139,0.003391,5.4E-05,0.002601,0.080876,0.051103,0.091081,0.205576,7.16
86,0.107811,98.19,308.69,0.002304,0.122361,1.29,0.119565,0.480731,1.52,0.001188,0.012962,0.077563,0.990215,1.49,0.195051,7.29
87,0.108234,2.57,11.78,0.000147,0.001581,1.37,0.014963,0.035484,0.002582,4E-05,0.002867,0.086668,0.034509,0.025869,0.214041,7.25
88,0.114681,1.12,2.22,0.000126,0.000105,1.43,1.2E-05,0.085284,1.52,1E-05,0.002076,0.093419,0.043403,0.004058,0.239479,7.56
89,0.11175,3.96,2.44,0.000141,0.000249,1.4,1.94,0.05696,0.002162,5.3E-05,0.002773,0.097159,0.055838,0.097468,0.22879,6.71
90,0.110354,108.7,315.8,0.002367,0.113442,1.43,0.186907,0.449816,1.71,0.001143,0.013688,0.095387,1.06,1.41,0.195779,6.52
91,0.042117,2.53,11.71,0.000148,0.00159,1.44,0.0189,0.037266,0.002174,4.5E-05,0.002763,0.099876,0.035099,0.026483,0.202294,6.75
92,0.136701,1.12,2.29,0.000162,0.000104,1.36,0.000374,0.090255,1.63,1.1E-05,0.002224,0.098469,0.04263,0.004357,0.188478,6.68
93,0.042405,4.5,2.46,0.000154,0.000257,1.4,1.82,0.057732,0.00196,5.8E-05,0.00288,0.085343,0.058472,0.102295,0.196167,7.08
94,0.145038,111.9,786.93,0.002353,0.430083,18.92,0.184994,6.23,0.900375,0.001102,0.072871,6.3,5.34,1.56,3.57,7.08
95,0.03697,3.23,8.91,0.000142,0.001052,18.66,0.017741,0.027265,0.003518,3.7E-05,0.001629,6.59,0.023023,0.017922,0.139444,6.87
96,0.167086,0.812095,2.17,7.5E-05,8.4E-05,19.65,3E-05,0.067457,0.8291,1.2E-05,0.001732,6.97,0.02041,0.004737,3.91,8.18
97,0.128985,2.25,2.39,5.1E-05,0.000265,19.14,2.12,0.045428,0.003602,3.9E-05,0.00221,6.68,0.051378,0.037214,0.145139,8.13
98,0.129093,111.59,677.39,0.002217,0.355778,19.58,0.18075,5.3,0.634372,0.001068,0.064424,6.36,4.93,1.6,4.24,9.45
99,0.100405,3.28,8.82,0.00016,0.001044,21.42,0.01754,0.027526,0.003497,3.7E-05,0.001667,7.08,0.022736,0.019459,0.145641,7.77
100,0.098723,0.798486,2.15,8.2E-05,8.6E-05,20.19,5.3E-05,0.067891,0.628593,1.2E-05,0.00174,7.69,0.022446,0.005829,4.29,7.96
101,0.091914,2.43,2.37,4.8E-05,0.000259,21.34,2.13,0.046629,0.00325,3.8E-05,0.002521,8.35,0.050466,0.038424,0.175187,6.81
102,0.074201,135.73,626.42,0.00233,0.440084,20.79,0.179951,5.7,0.620125,0.001197,0.081415,7.12,5.09,1.89,3.83,7.12
103,0.076304,3.23,8.96,0.000155,0.001001,20.7,0.017882,0.02651,0.00435,3.9E-05,0.001655,6.98,0.023054,0.019237,0.165977,6.3
104,0.092153,0.85789,2.08,7.3E-05,8.5E-05,21.68,2.6E-05,0.069696,0.589681,1.4E-05,0.001741,7.03,0.021368,0.004801,4.62,5.59
105,0.104333,2.08,2.38,4.4E-05,0.000276,22.95,2.12,0.046831,0.004857,4.1E-05,0.002861,7.7,0.048615,0.041284,0.201881,5.75
106,0.112748,139.12,632.3,0.002496,0.453855,22.07,0.182646,7.43,0.615858,0.001267,0.059843,7.42,5.37,1.79,4.86,6.48
107,0.098542,3.2,9.09,0.000161,0.001025,23.27,0.017311,0.024775,0.0053,3.9E-05,0.001665,7.76,0.024458,0.019269,0.195036,7.15
108,0.10906,0.885981,2.16,6.4E-05,8.5E-05,18.4,1.1E-05,0.071915,0.47303,1.6E-05,0.001766,8.09,0.02184,0.004024,5.21,7.77
109,0.13576,1.87,2.32,4.2E-05,0.00023,18.36,2.18,0.047593,0.004864,3.7E-05,0.003426,7.96,0.051826,0.041514,0.199471,6.95
110,0.154256,137.1,621.62,0.002394,0.549802,18.84,0.191421,4.49,0.706544,0.001303,0.048896,8.07,5.47,1.69,4.92,8.27
111,0.133556,3.27,8.9,0.000155,0.000993,20.74,0.016375,0.024663,0.005345,3.8E-05,0.001649,9.46,0.025238,0.019771,0.188528,10.04
112,0.166307,0.845926,2.19,6.8E-05,8.2E-05,20.33,1.1E-05,0.072128,0.678389,1.5E-05,0.00192,7.49,0.02241,0.003904,4.89,10.71
113,0.184371,1.69,2.36,4.9E-05,0.00024,21.57,2.04,0.046244,0.005623,3.7E-05,0.00213,8.7,0.051861,0.040904,0.230596,9.82
114,0.193365,122.57,643.57,0.002311,0.220855,19.66,0.182086,4.54,0.527395,0.001139,0.043639,7.11,4.69,1.67,5.07,11.45
115,0.192928,3.2,9.1,0.000159,0.000957,17.45,0.01727,0.024022,0.005709,3.8E-05,0.001722,8.6,0.025394,0.020793,0.289737,11.67
116,0.194387,0.811613,2.15,6.3E-05,8E-05,17.54,1.1E-05,0.071114,0.360835,1.3E-05,0.001908,9.36,0.02167,0.003569,5.15,11.96
117,0.193183,1.8,2.37,4.5E-05,0.000241,17.51,1.96,0.045224,0.006782,3.9E-05,0.001898,9.39,0.05135,0.043125,0.60376,11.73
118,0.801575,118.81,566.63,0.002244,0.187464,17.49,0.180751,4.5,0.286548,0.001153,0.040193,10.62,3.98,1.57,4.99,11.78
119,0.019024,3.23,9.13,0.000145,0.000984,17.31,0.017121,0.023766,0.006194,3.3E-05,0.001691,10.4,0.027315,0.019236,0.66548,11.14
120,0.85184,0.679517,2.08,6.1E-05,7.6E-05,17.48,7E-06,0.074107,0.165387,1E-05,0.001867,10.48,0.021459,0.003429,5.18,71.31
121,0.019459,1.78,2.32,4.6E-05,0.000282,16.26,1.97,0.046366,0.005724,3.8E-05,0.001957,9.3,0.049295,0.044323,0.899224,1.73
122,1.03,114.89,566.68,0.00231,0.144707,17.38,0.169851,3.49,0.10279,0.001206,0.040535,8.68,4.09,1.5,5.16,66.56
123,0.020304,3.21,8.51,0.000164,0.001028,16.83,0.018379,0.024076,0.005116,3.9E-05,0.001733,6,0.026744,0.020249,0.928007,1.87
124,1.01,0.697633,2.14,6.2E-05,8E-05,14,7E-06,0.069171,0.139302,1.1E-05,0.0019,5,0.021268,0.003527,5.28,78.8
125,0.017847,1.74,2.31,5.1E-05,0.000282,1.8,1.97,0.045918,0.005056,3.9E-05,0.002165,4.85,0.0487,0.048003,0.953506,1.88
126,0.986459,112.05,578.85,0.00231,0.143423,13.81,0.178928,3.6,0.170252,0.001072,0.042299,5.22,4.1,1.64,5.09,81.01
127,0.01725,3.34,8.63,0.000159,0.001074,1.57,0.016309,0.024853,0.004658,3.9E-05,0.001735,4.61,0.026377,0.020292,0.911588,1.66
128,0.961804,0.714499,2.06,6.3E-05,8.8E-05,14.4,7E-06,0.07048,0.110101,1E-05,0.001972,4.97,0.021984,0.003578,5.77,75.05
129,0.018918,1.63,2.26,5.7E-05,0.000257,1.64,1.94,0.045798,0.005754,3.5E-05,0.001809,5.06,0.047271,0.047069,1.32,1.49
130,1.09,111.81,494.21,0.002134,0.142193,14.16,0.173349,2.92,0.096176,0.000973,0.037668,4.82,3.95,1.44,5.36,73.54
131,0.019131,3.18,8.58,0.000165,0.001088,1.73,0.017719,0.024302,0.004572,3.9E-05,0.001755,5.77,0.027477,0.02134,1.22,1.51
132,1.09,0.731351,2.2,6.4E-05,8.2E-05,14.66,1.1E-05,0.070548,0.066329,1.1E-05,0.00191,6.17,0.022466,0.003908,6.32,74.11
133,0.018407,1.71,2.22,4.9E-05,0.000261,1.6,1.95,0.044128,0.004364,3.2E-05,0.001563,6.78,0.049665,0.046868,1.37,1.46
134,1.05,112.81,486.54,0.002042,0.143053,14.77,0.171679,2.94,0.056493,0.000991,0.038121,6.22,4.04,1.49,5.82,73.46
135,0.016823,3.22,8.51,0.000166,0.000994,2.55,0.015319,0.024567,0.004237,3.8E-05,0.00176,5.38,0.026962,0.022452,1.56,1.51
136,1.02,0.705359,2.23,6.6E-05,7.6E-05,14.92,1.1E-05,0.070296,0.043891,1.3E-05,0.001895,3.85,0.023893,0.003927,6.34,71.89
137,0.015446,1.68,2.26,4.6E-05,0.000248,0.602402,1.9,0.047185,0.004086,3.9E-05,0.001589,4.18,0.056687,0.047792,1.41,1.81
138,1.1,108.81,442.31,0.002226,0.123227,15.88,0.168089,3.04,0.049077,0.001125,0.036566,3.88,4.22,1.45,5.82,70.29
139,0.013971,2.98,8.48,0.000173,0.00094,0.928814,0.014328,0.02472,0.004038,3.8E-05,0.001796,2.88,0.027765,0.021755,1.02,1.71
140,1.41,0.894451,2.21,6.3E-05,7.6E-05,15.78,1.1E-05,0.074677,0.04175,1.1E-05,0.00193,3.19,0.023793,0.003976,5.27,78
141,0.013666,1.66,2.38,4.9E-05,0.000276,16.51,1.86,0.048735,0.004884,3.8E-05,0.001548,3.29,0.051912,0.051435,0.836066,0.92141
142,1.41,113.6,454.74,0.002153,0.120297,16.14,0.170798,3.06,0.042215,0.001094,0.036583,3.68,4.32,1.45,5.51,88.79
143,0.014274,3.17,8.95,0.000173,0.000976,16.06,0.015667,0.023609,0.004047,3.4E-05,0.001807,4.35,0.028709,0.020563,0.768672,0.902267
144,1.49,0.92668,2.36,7E-05,7.7E-05,14.83,1.2E-05,0.071468,0.044781,1.1E-05,0.001909,2.98,0.022262,0.003959,5.64,79.21
145,0.013481,1.7,2.36,4.3E-05,0.000282,16.4,1.91,0.044035,0.006384,3.8E-05,0.001357,3.04,0.052041,0.052666,0.713006,0.884294
146,1.66,106.34,424.98,0.002176,0.11491,15.5,0.17254,2.95,0.046274,0.001081,0.035572,4.28,4.15,1.39,5.35,77.68
147,0.013086,3.03,9.02,0.000171,0.000967,14.18,0.014953,0.023642,0.008497,3.8E-05,0.00182,4.95,0.028227,0.022035,0.586993,0.975131
148,1.51,0.812757,2.26,7.1E-05,7.9E-05,14.77,1.2E-05,0.071075,0.046912,9E-06,0.002015,4.92,0.024106,0.004017,5.19,77.11
149,0.012624,1.77,2.33,4.6E-05,0.000279,17.55,2.03,0.044009,0.006895,3.9E-05,0.001608,6.22,0.055372,0.054626,1.09,1.07
