,bitcoindark,bytecoin-bcn,decred,digibyte,digitalnote,digixdao,ethereum-classic,experience-points,gulden,lisk,maidsafecoin,nav-coin,reddcoin,singulardtv,triggers,viacoin,waves,zcash
0,1.03,3.3E-05,32.64,0.000211,1E-04,78.48,16.88,3.9E-08,0.001754,8.41,0.013565,0.00191,1.1E-05,0.186167,0.03725,0.005407,4.76,103.64
1,2.18,1.2E-05,0.731985,6.8E-05,5.7E-05,8.47,0.909567,8E-06,0.001643,0.168663,0.021839,0.000783,4.6E-05,0.195456,0.032652,0.051407,0.332264,99.54
2,75.12,0.001323,34.35,0.008417,0.001191,76.34,17.55,3.9E-08,0.090961,8.45,0.333423,0.777207,0.000825,0.171534,0.032909,1.15,5.05,91.04
3,2.89,5.9E-05,0.70997,0.000336,0.000264,9.2,0.922699,8E-06,0.051852,0.174003,0.088006,0.053026,4.7E-05,0.150396,0.03076,0.046951,0.357763,91.93
4,0.991104,3.1E-05,34.32,0.00021,0.000115,75.24,17.87,3.9E-08,0.001721,7.1,0.01541,0.001875,1E-05,0.144134,0.032789,0.005233,5.03,90.05
5,2.3,1.3E-05,0.644311,6.1E-05,5.7E-05,9.57,0.888597,5E-06,0.001845,0.179635,0.021982,0.000834,5E-05,0.148688,0.030323,0.052647,0.380149,70.26
6,85.56,0.001492,31.79,0.008805,0.001374,70.2,16.11,3.8E-08,0.090032,6.34,0.339187,0.800196,0.001017,0.162869,0.025836,1.34,4.4,66.95
7,2.82,5.9E-05,0.666323,0.000342,0.000252,9.26,0.902412,1E-05,0.052697,0.181303,0.087985,0.048888,4.6E-05,0.188568,0.02694,0.046785,0.39035,63.36
8,1.01,3.1E-05,29.42,0.000219,0.000115,59.7,15.18,3.8E-08,0.001761,5.5,0.015229,0.001766,9E-06,0.195097,0.032435,0.00495,3.7,64.69
9,2.04,1.4E-05,0.656818,6.5E-05,6.4E-05,9.64,0.909944,1.1E-05,0.002104,0.182718,0.023134,0.000883,5.4E-05,0.169101,0.027098,0.056638,0.400963,54.54
10,78.04,0.00149,30.71,0.008594,0.001371,61.53,19.42,3.8E-08,0.088982,5.78,0.344082,0.764772,0.001021,0.182112,0.025894,0.993247,4.12,59.93
11,2.75,5.7E-05,0.645018,0.000337,0.00026,10.01,0.917606,5.7E-05,0.058624,0.182734,0.087238,0.044447,4.8E-05,0.220807,0.022716,0.043421,0.379701,63.4
12,0.955727,3E-05,30.27,0.000238,0.000119,60.56,14.6,3.9E-08,0.001704,5.64,0.016743,0.001773,8E-06,0.213843,0.02738,0.005059,4.24,64.59
13,2.23,1.5E-05,0.71359,6.9E-05,7.1E-05,9.47,0.921264,1.3E-05,0.001595,0.186025,0.023572,0.000897,5E-05,0.211729,0.02725,0.055767,0.375629,66.61
14,84.5,0.001511,33.06,0.009388,0.001275,65.79,14.21,3.8E-08,0.098791,6.45,0.366188,0.824691,0.000964,0.159732,0.028472,0.937172,4.91,69.22
15,2.78,5.6E-05,0.73386,0.000346,0.000267,10.52,0.913514,9E-06,0.044623,0.181017,0.088589,0.044875,4.4E-05,0.133213,0.024144,0.037447,0.368976,66.64
16,0.953111,3E-05,31.58,0.000211,0.000105,66.56,14.02,3.8E-08,0.001722,6.05,0.015775,0.001613,1.1E-05,0.148536,0.025164,0.005053,4.5,72.47
17,2.37,1.3E-05,0.619449,6.8E-05,6.2E-05,10.4,0.943784,3E-06,0.001761,0.187839,0.021498,0.000932,5E-05,0.170227,0.025592,0.067474,0.349219,69.89
18,87.07,0.001464,29.33,0.00978,0.001397,64.57,13.92,3.9E-08,0.100474,5.19,0.371025,0.798185,0.001028,0.134846,0.025634,1.06,3.69,64.18
19,2.84,5.1E-05,0.632151,0.000341,0.000287,10.57,0.927765,3E-06,0.037468,0.21349,0.090265,0.04261,4.4E-05,0.125369,0.024603,0.044761,0.351602,48.27
20,0.943124,3E-05,28.8,0.000282,0.000117,62.78,14.33,3.9E-08,0.001764,4.59,0.01742,0.001769,1E-05,0.124994,0.025436,0.005109,3.52,48.78
21,2.42,1.4E-05,0.626592,7E-05,6.7E-05,10.97,0.982655,9E-06,0.002277,0.215194,0.023436,0.000912,5.4E-05,0.122348,0.029056,0.06853,0.368279,45.73
22,87.37,0.001404,29.04,0.010414,0.001464,64.71,13.24,3.9E-08,0.097992,4.44,0.388951,1.01,0.001061,0.111676,0.026243,1.11,3.45,45.12
23,2.96,5.1E-05,0.634668,0.000339,0.000227,10.39,1.04,3E-06,0.064982,0.198437,0.090953,0.049925,4.3E-05,0.122864,0.033322,0.039162,0.349872,47.66
24,1.02,3E-05,28.93,0.000385,0.000101,68.94,11.89,3.9E-08,0.001762,4.59,0.016784,0.001817,1E-05,0.116348,0.027714,0.004657,3.62,40.16
25,2.33,1.3E-05,0.648302,7.4E-05,6.4E-05,10.78,0.972006,1.1E-05,0.002021,0.187336,0.024771,0.000967,5.5E-05,0.129843,0.018106,0.070361,0.340576,39.72
26,83.24,0.001399,27.61,0.010192,0.00144,69.14,12.66,4.1E-08,0.09666,4.54,0.407457,0.652744,0.001064,0.110957,0.019205,1.13,3.68,35.35
27,3,5.2E-05,0.655677,0.000364,0.000296,10.7,0.893556,7E-06,0.075009,0.187735,0.093498,0.04007,4.5E-05,0.11568,0.022944,0.034542,0.345537,36.72
28,1.11,3.1E-05,24.81,0.000417,0.000145,61.16,10.24,4.1E-08,0.001834,4.33,0.017625,0.002036,1.1E-05,0.104717,0.0247,0.004813,3.19,35.74
29,2.41,1.3E-05,0.709144,7.3E-05,6.7E-05,11.57,0.885256,5.2E-07,0.001926,0.179841,0.020802,0.00103,5.1E-05,0.098108,0.018502,0.069406,0.352219,38.03
30,86.53,0.001452,26.89,0.010459,0.001603,58.11,10.26,5E-06,0.100277,4.51,0.410087,0.666192,0.001098,0.097906,0.018,1.11,2.89,40.32
31,3.02,5.7E-05,0.711819,0.000392,0.000189,10.56,0.884664,1.4E-05,0.045042,0.162529,0.089262,0.041183,4.5E-05,0.047762,0.020284,0.026696,0.345782,39.44
32,1.23,2.9E-05,21.8,0.000417,0.000138,78.82,17.68,1.7E-07,0.001726,1.2,0.01937,0.001923,1E-05,0.048992,0.022766,0.004786,2.95,41.64
33,2.61,1.4E-05,1.51,7.3E-05,6.5E-05,8.36,18.54,2E-06,0.002062,0.312831,0.020684,0.001032,5.3E-05,0.03954,0.0224,0.076925,2.38,41.8
34,87.22,0.00141,20.3,0.00922,0.001692,78.25,17.1,1.5E-07,0.101977,1.1,0.395611,0.648105,0.001139,0.045238,0.015139,1.04,2.68,39.67
35,2.79,5.7E-05,1.48,0.000427,0.000184,8.51,16.13,3.5E-07,0.033302,0.350992,0.088719,0.041903,4.4E-05,0.035928,0.018247,0.025079,2.47,41.41
36,1.23,3E-05,20.83,0.000388,0.000125,75.19,16.26,4E-06,0.001766,1.04,0.019557,0.001865,1E-05,0.035707,0.027306,0.004464,2.25,307.12
37,3.16,1.5E-05,1.46,7.9E-05,6.1E-05,8.41,14.26,7.8E-07,0.002146,0.377337,0.023314,0.000965,5.5E-05,0.030662,0.028716,0.086654,2.49,324.38
38,85.81,0.001451,20.04,0.009346,0.001707,80.02,16.35,8E-06,0.097805,1.05,0.390499,0.664604,0.001052,0.035829,0.043224,1.02,2.36,342.61
39,2.76,5.7E-05,1.61,0.000371,0.000155,8.65,18.87,8E-07,0.030974,0.347767,0.08203,0.04162,4.5E-05,0.029698,0.007373,0.026223,2.75,328.65
40,1.15,2.9E-05,18.9,0.000324,0.000126,74.23,11.94,2E-06,0.001946,1.02,0.019766,0.002033,8E-06,0.027988,0.007589,0.004444,2.57,304.65
41,2.6,1.5E-05,1.34,8E-05,5.8E-05,8.68,9.9,2E-06,0.002391,0.385324,0.023197,0.000902,5.5E-05,0.022064,0.00701,0.082813,1.87,330.04
42,85.14,0.001413,21.4,0.010034,0.001436,61.84,9.4,2E-06,0.098901,1.08,0.389132,0.671706,0.001075,0.02,0.00844,1.04,1.77,362.57
43,2.69,5.2E-05,1.33,0.000394,0.000153,9.21,7.41,1.2E-05,0.031025,0.50095,0.082242,0.042991,4.5E-05,0.018444,0.008407,0.025386,1.64,385.84
44,1.12,2.8E-05,21.92,0.000117,0.00011,79.64,7.99,6.1E-08,0.001865,1.14,0.019765,0.00199,1E-05,0.016672,0.00899,0.004383,1.57,378.56
45,3.25,1.5E-05,1.39,7E-05,6.3E-05,8.39,6.73,5.2E-07,0.002309,0.278525,0.021864,0.001034,5.1E-05,0.018111,0.010744,0.082284,1.38,378.22
46,83.71,0.001423,24.37,0.010201,0.001715,103.42,5.93,1.1E-05,0.098424,1.58,0.376612,0.706594,0.001085,0.019662,0.009395,1.05,1.34,401.2
47,2.65,5.1E-05,1.44,0.000382,0.000147,8.74,6.26,1.3E-07,0.023184,0.560052,0.08259,0.044876,4.5E-05,0.01727,0.013214,0.025209,1.26,391.89
48,1.2,2.8E-05,22.31,0.000113,0.00013,87.17,6.41,6.4E-08,0.001915,0.98705,0.019139,0.00198,1.2E-05,0.014649,0.013263,0.004275,1.4,376.82
49,3.13,1.5E-05,1.52,6.8E-05,6.7E-05,8.94,6.83,1.1E-05,0.002129,2.95,0.020312,0.001044,5.3E-05,0.012319,0.012811,0.087058,1.37,384.86
50,88.92,0.001455,20.05,0.011475,0.00183,80.61,6.14,7E-06,0.099317,0.836191,0.397776,0.697803,0.001061,0.012324,0.012577,1.15,1.19,387.43
51,2.61,5.1E-05,1.45,0.000365,0.000155,9.26,6.34,1.4E-07,0.019554,2.74,0.083371,0.04213,4.6E-05,0.012205,0.015236,0.025131,1.11,387.34
52,1.2,2.8E-05,20.33,0.000118,0.000125,71.67,6.48,4.8E-08,0.001793,0.801484,0.019247,0.001822,1.2E-05,0.012072,0.017089,0.004333,1.2,387.49
53,2.77,1.4E-05,1.54,6.5E-05,6.6E-05,9.06,6.6,4.7E-08,0.002246,4.08,0.019493,0.001069,5.1E-05,0.011909,0.011919,0.084625,1.2,368.28
54,78.35,0.001335,20.25,0.011875,0.001571,73.26,6.44,4.2E-08,0.098925,0.766393,0.397485,0.738217,0.001095,0.011489,0.109906,1.01,0.917445,311.49
55,2.63,6.1E-05,1.46,0.00034,0.000137,9.52,6.66,1.9E-07,0.018518,3.41,0.085325,0.044338,4.3E-05,0.014489,0.117585,0.026093,0.818904,331.1
56,1.24,2.7E-05,20.01,0.00011,0.000135,69.56,7.12,3.2E-08,0.001959,0.686646,0.019969,0.001816,1E-05,0.01408,0.121639,0.004435,0.789317,328.66
57,3.01,1.4E-05,1.55,6.9E-05,9.1E-05,9.09,7.27,2.9E-08,0.002231,1.43,0.018908,0.00113,5E-05,0.014116,0.111695,0.085636,0.798015,281.13
58,75.53,0.001342,21.1,0.011199,0.001597,59.42,7.53,1.3E-07,0.104183,0.615139,0.390481,0.701747,0.001004,0.013418,0.100502,0.987377,0.732555,272.24
59,2.66,6E-05,1.59,0.00032,0.000137,10.2,7.63,1.4E-05,0.014088,1.89,0.085231,0.046282,4.8E-05,0.011973,0.146082,0.023557,0.715918,262.79
60,1.18,2.6E-05,21.14,0.000111,0.00013,56.03,6.67,1.2E-05,0.001812,0.563763,0.020552,0.001925,1E-05,0.011209,0.185136,0.004238,0.669789,259.36
61,3.24,1.4E-05,1.74,6.6E-05,9.1E-05,10.08,6.58,1.3E-05,0.002317,0.750805,0.019171,0.001058,5.1E-05,0.014083,0.207773,0.08273,0.6223,253.03
62,83.88,0.001291,15.27,0.011849,0.001701,43.4,6.89,1E-05,0.112737,0.512111,0.424396,0.618811,0.000968,0.168067,0.356915,1.03,0.597523,239.52
63,2.6,5.6E-05,1.99,0.000323,0.000136,10.03,2.83,3E-06,0.018836,0.784433,0.084889,0.044279,4.3E-05,0.178381,0.076514,0.024467,0.376973,230
64,1.21,2.5E-05,15.55,0.000109,0.000124,43.46,2.83,2E-06,0.001343,0.561092,0.019634,0.001957,9E-06,0.197507,0.083408,0.004345,0.381375,241.68
65,3.47,1.3E-05,1.33,6.3E-05,0.000103,10.19,2.33,3E-06,0.002251,0.829394,0.019295,0.000826,5.2E-05,0.201823,0.078662,0.079815,0.401914,249.27
66,92.74,0.001301,17.16,0.013408,0.002083,44.98,2.27,8E-06,0.114278,0.590805,0.461798,0.696527,0.001026,0.167869,0.060477,1.17,0.374437,176.32
67,2.65,6.1E-05,1.32,0.000333,0.000142,12.13,2.13,6E-06,0.014163,0.824642,0.083263,0.04557,3.8E-05,0.193553,0.066497,0.024623,0.361338,175.42
68,1.26,2.6E-05,18.79,9.3E-05,0.00015,44.63,2.31,5E-06,0.001537,0.562754,0.019351,0.00195,1E-05,0.217824,0.080186,0.00418,0.318849,189.29
69,3.25,1.3E-05,1.27,6.1E-05,1E-04,12.77,2.28,8E-06,0.002068,0.788618,0.019423,0.000808,4.7E-05,0.205547,0.079714,0.078892,0.301237,178.05
70,89.87,0.001286,15.25,0.013681,0.002013,45.64,2.41,1E-05,0.112898,0.579403,0.465543,0.750149,0.000963,0.190536,0.081195,1.25,0.280473,185.9
71,2.57,5.5E-05,1.29,0.000331,0.000129,12.75,2.29,1E-05,0.01073,0.81667,0.08314,0.047481,3.8E-05,0.186606,0.082316,0.0257,0.27272,190.08
72,1.24,2.6E-05,15.34,9.4E-05,0.000132,43.02,2.4,6E-06,0.001612,0.542498,0.019241,0.002036,8E-06,0.199244,0.088306,0.00476,0.272987,184.19
73,3.41,1.2E-05,1.37,6.4E-05,0.000108,13.35,2.43,5E-06,0.00204,1.22,0.018499,0.000835,5E-05,0.204395,0.110022,0.077989,0.290301,206.82
74,91.67,0.001259,16.53,0.013397,0.002034,40.77,1.95,5E-06,0.112054,0.556969,0.441996,0.790182,0.000996,0.20683,0.113924,1.18,0.284629,214.42
75,2.53,5.6E-05,1.41,0.000324,0.00014,13.07,1.92,4E-06,0.010588,0.833555,0.083185,0.049289,4.3E-05,0.223182,0.112106,0.025988,0.278302,216.1
76,1.28,2.6E-05,15.47,8.9E-05,0.000136,41.73,1.7,2E-06,0.001722,0.555242,0.018633,0.001919,1E-05,0.214701,0.107797,0.00424,0.261998,201.8
77,3.16,1.2E-05,1.45,5.9E-05,0.000105,11.94,1.91,2E-06,0.00194,0.761164,0.019144,0.000816,4.8E-05,0.211354,0.0997,0.075314,0.268144,206.94
78,93.28,0.001261,17.23,0.013521,0.002123,44.14,2.13,2E-06,0.119255,0.607637,0.447794,0.77122,0.001054,0.206808,0.102084,1.28,0.310488,181.99
79,2.47,5.5E-05,1.48,0.000323,0.000146,11.92,1.8,3E-06,0.008032,0.790503,0.086322,0.042107,4.3E-05,0.233669,0.087021,0.026798,0.304406,199.32
80,1.21,2.8E-05,17.05,9.9E-05,0.000111,36.06,1.66,2E-06,0.001565,0.621777,0.018791,0.001866,1.1E-05,0.228099,0.036034,0.004453,0.253599,182.51
81,3.68,1.4E-05,1.58,6.3E-05,0.000118,12.76,1.65,4E-06,0.002143,0.696178,0.017643,0.000832,5.3E-05,0.261975,0.038114,0.081977,0.2724,165.98
82,98.73,0.001266,17.02,0.013948,0.0022,35.42,1.42,4E-06,0.116642,0.64635,0.459609,0.842933,0.001078,0.251142,0.031544,1.43,0.256818,160.07
83,2.62,5.5E-05,1.52,0.000325,0.000147,14.91,1.38,3E-06,0.007836,0.814017,0.084924,0.044324,4.3E-05,0.291858,0.031973,0.029057,0.219194,177.45
84,1.23,2.8E-05,15.95,0.000103,0.00014,37.02,1.3,2E-06,0.0017,0.598858,0.018777,0.002362,1E-05,0.233817,0.063827,0.004012,0.199242,191.15
85,3.74,1.4E-05,1.52,7.2E-05,0.000141,10.25,1.32,1E-06,0.002163,1.42,0.018771,0.000829,5.4E-05,0.213678,0.065761,0.091081,0.205576,211.24
86,98.19,0.001317,15.25,0.016084,0.002304,34.42,1.29,4E-06,0.129426,0.585068,0.447615,0.903653,0.001188,0.195823,0.069121,1.49,0.195051,178.37
87,2.57,5.5E-05,1.51,0.000324,0.000147,8.07,1.37,7.4E-07,0.007135,1.52,0.088853,0.044803,4E-05,0.194524,0.069576,0.025869,0.214041,198.73
88,1.12,2.6E-05,14.37,0.000101,0.000126,30.96,1.43,2E-06,0.001679,0.547081,0.018406,0.001894,1E-05,0.180977,0.072877,0.004058,0.239479,241.43
89,3.96,1.5E-05,1.53,7.5E-05,0.000141,6.42,1.4,1E-06,0.002171,0.725287,0.020223,0.000912,5.3E-05,0.193952,0.070495,0.097468,0.22879,248.86
90,108.7,0.001409,13.8,0.017995,0.002367,29.95,1.43,2E-06,0.124093,0.541816,0.458944,0.883183,0.001143,0.201133,0.071527,1.41,0.195779,248.73
91,2.53,6.1E-05,1.51,0.000325,0.000148,6.67,1.44,3E-06,0.00706,1.18,0.089,0.037673,4.5E-05,0.19011,0.080683,0.026483,0.202294,287.81
92,1.12,2.5E-05,15.16,0.000105,0.000162,29.11,1.36,2E-06,0.001731,0.581523,0.018614,0.00214,1.1E-05,0.099893,0.082722,0.004357,0.188478,283.01
93,4.5,1.6E-05,1.54,8.1E-05,0.000154,7.16,1.4,3E-06,0.00213,0.70878,0.020142,0.001009,5.8E-05,0.102539,0.084376,0.102295,0.196167,282.21
94,111.9,0.001596,12.67,0.011307,0.002353,19.42,18.92,2E-06,0.087566,0.309446,0.472199,0.979356,0.001102,0.091431,0.075019,1.56,3.57,291.56
95,3.23,5.1E-05,1.97,0.000239,0.000142,21.23,18.66,3E-06,0.039043,0.331256,0.070998,0.032798,3.7E-05,0.097625,0.079694,0.017922,0.139444,301.88
96,0.812095,2.5E-05,12.25,0.000176,7.5E-05,19.66,19.65,2E-06,0.001615,0.337734,0.012467,0.001934,1.2E-05,0.107523,0.072181,0.004737,3.91,290.37
97,2.25,7E-06,2.16,8E-05,5.1E-05,17.03,19.14,2E-06,0.001459,0.303948,0.02785,0.001434,3.9E-05,0.115987,0.063063,0.037214,0.145139,397.88
98,111.59,0.001573,12.24,0.011276,0.002217,15.62,19.58,3E-06,0.088495,0.286597,0.456551,0.932741,0.001068,0.112664,0.063078,1.6,4.24,39.52
99,3.28,4E-05,2.06,0.000238,0.00016,14.73,21.42,3E-06,0.038048,0.268239,0.071512,0.030191,3.7E-05,0.140328,0.05394,0.019459,0.145641,383.47
100,0.798486,2.6E-05,12.81,0.000159,8.2E-05,14.8,20.19,2E-06,0.001586,0.269478,0.013174,0.001899,1.2E-05,0.14864,0.056549,0.005829,4.29,39.98
101,2.43,7E-06,2.06,6.9E-05,4.8E-05,14.14,21.34,2E-06,0.001479,0.257284,0.026924,0.001427,3.8E-05,0.137441,0.063339,0.038424,0.175187,448.62
102,135.73,0.001768,10.79,0.013182,0.00233,15.83,20.79,1E-05,0.09423,0.265448,0.558838,1.08,0.001197,0.119409,0.071079,1.89,3.83,38.67
103,3.23,4.4E-05,2.07,0.000255,0.000155,16.29,20.7,3E-06,0.038503,0.285156,0.07206,0.03268,3.9E-05,0.117074,0.076137,0.019237,0.165977,471.99
104,0.85789,2.6E-05,15.19,0.000166,7.3E-05,15.96,21.68,3E-06,0.001524,0.303869,0.012961,0.002194,1.4E-05,0.103334,0.068397,0.004801,4.62,38.2
105,2.08,8E-06,2.31,6.4E-05,4.4E-05,14.97,22.95,2E-06,0.00151,0.240709,0.025279,0.001428,4.1E-05,0.108202,0.072776,0.041284,0.201881,451.69
106,139.12,0.00175,10.02,0.011833,0.002496,15.51,22.07,4E-06,0.095291,0.186555,0.494142,1.19,0.001267,0.107195,0.101364,1.79,4.86,38.22
107,3.2,4.4E-05,2.05,0.000262,0.000161,12.93,23.27,2E-06,0.038778,0.174334,0.070258,0.031792,3.9E-05,0.086313,0.090422,0.019269,0.195036,456.94
108,0.885981,2.5E-05,7.3,0.000151,6.4E-05,15.24,18.4,4E-06,0.001564,0.164313,0.012663,0.002142,1.6E-05,0.090036,0.105231,0.004024,5.21,38.52
109,1.87,7E-06,1.92,4.8E-05,4.2E-05,14.89,18.36,3E-06,0.001586,0.191859,0.028579,0.001427,3.7E-05,0.099861,0.113939,0.041514,0.199471,472.97
110,137.1,0.001679,7.81,0.010722,0.002394,16.13,18.84,3E-06,0.090219,0.167172,0.454489,1.14,0.001303,0.11274,0.113631,1.69,4.92,40.15
111,3.27,4.4E-05,2.04,0.000268,0.000155,13.85,20.74,4E-06,0.040627,0.146783,0.070215,0.032387,3.8E-05,0.12567,0.119338,0.019771,0.188528,451.73
112,0.845926,2.6E-05,5.91,0.000179,6.8E-05,9.41,20.33,8E-06,0.00157,0.12857,0.012508,0.001714,1.5E-05,0.110635,0.124472,0.003904,4.89,41.41
113,1.69,7E-06,2.13,4.4E-05,4.9E-05,10.54,21.57,7E-06,0.001395,0.113241,0.029013,0.001291,3.7E-05,0.116678,0.108918,0.040904,0.230596,442
114,122.57,0.001641,5.76,0.010392,0.002311,9.32,19.66,8E-06,0.090413,0.111927,0.478385,0.92445,0.001139,0.150954,0.100673,1.67,5.07,42.85
115,3.2,5E-05,2.19,0.000261,0.000159,9.54,17.45,5E-06,0.039732,0.113279,0.069428,0.031989,3.8E-05,0.160156,1.86,0.020793,0.289737,446.79
116,0.811613,2.4E-05,6.14,0.000199,6.3E-05,9.38,17.54,6E-06,0.001477,0.118916,0.011937,0.00231,1.3E-05,0.143473,0.006424,0.003569,5.15,43.31
117,1.8,8E-06,2.18,4.5E-05,4.5E-05,9.67,17.51,4E-06,0.001438,0.110449,0.029519,0.001181,3.9E-05,0.162304,1.91,0.043125,0.60376,487.02
118,118.81,0.001582,6.38,0.010135,0.002244,10.21,17.49,8E-06,0.086584,0.12034,0.455804,0.854168,0.001153,0.181599,0.005605,1.57,4.99,43.51
119,3.23,4.4E-05,2.31,0.000257,0.000145,10.12,17.31,1.1E-05,0.039466,0.124933,0.071655,0.033022,3.3E-05,0.184348,2.25,0.019236,0.66548,557.6
120,0.679517,2.4E-05,6.23,0.000213,6.1E-05,10.42,17.48,8E-06,0.001417,0.119649,0.011637,0.002312,1E-05,0.182072,0.004827,0.003429,5.18,43.65
121,1.78,8E-06,2.43,4.9E-05,4.6E-05,10.55,16.26,0.000681,0.001483,0.115802,0.027914,0.001361,3.8E-05,0.175942,2.51,0.044323,0.899224,524.34
122,114.89,0.001758,4.83,0.009414,0.00231,10.57,17.38,0.000632,0.085051,0.109048,0.467958,0.864375,0.001206,0.161644,0.004755,1.5,5.16,44.25
123,3.21,4.9E-05,2.49,0.000262,0.000164,10.37,16.83,0.000928,0.04016,0.109435,0.073617,0.026748,3.9E-05,0.213433,2.53,0.020249,0.928007,490.08
124,0.697633,2.4E-05,5.18,0.000213,6.2E-05,9.82,14,0.001071,0.001481,0.10478,0.011954,0.002342,1.1E-05,0.013295,0.005178,0.003527,5.28,43.92
125,1.74,8E-06,2.62,4.7E-05,5.1E-05,80.78,1.8,0.001246,0.001426,2.53,0.030264,0.001158,3.9E-05,0.217956,2.46,0.048003,0.953506,496.82
126,112.05,0.001558,5.34,0.009586,0.00231,10.34,13.81,0.001235,0.086644,0.311289,0.424966,0.857763,0.001072,0.012996,0.00546,1.64,5.09,44.68
127,3.34,4.5E-05,2.59,0.000271,0.000159,83.2,1.57,0.001459,0.043597,2.71,0.072075,0.025933,3.9E-05,0.267043,2.69,0.020292,0.911588,513.66
128,0.714499,2.4E-05,4.64,0.000215,6.3E-05,10.86,14.4,0.00126,0.001456,0.302058,0.012505,0.001996,1E-05,0.014477,0.005409,0.003578,5.77,43.46
129,1.63,8E-06,2.42,4.5E-05,5.7E-05,90.65,1.64,0.001285,0.001366,2.92,0.027329,0.001128,3.5E-05,0.271504,2.65,0.047069,1.32,627.99
130,111.81,0.001302,5.06,0.00899,0.002134,10.24,14.16,0.001296,0.087012,0.290045,0.409268,0.875157,0.000973,0.015769,0.003196,1.44,5.36,45.15
131,3.18,5.1E-05,2.38,0.000275,0.000165,86.73,1.73,0.001402,0.042874,2.74,0.073602,0.028355,3.9E-05,0.276891,2.75,0.02134,1.22,675.76
132,0.731351,2.6E-05,4.62,0.00022,6.4E-05,11.36,14.66,3.9E-08,0.001495,0.307191,0.012425,0.001903,1.1E-05,0.014834,0.003668,0.003908,6.32,43.64
133,1.71,9E-06,2.28,4.8E-05,4.9E-05,84.47,1.6,0.001667,0.001413,2.8,0.026853,0.001182,3.2E-05,0.282126,2.67,0.046868,1.37,701.58
134,112.81,0.001281,3.27,0.008747,0.002042,11.34,14.77,3.9E-08,0.087652,0.323548,0.388147,0.802279,0.000991,0.013821,0.00447,1.49,5.82,43.21
135,3.22,4.4E-05,2.4,0.000272,0.000166,88.29,2.55,0.001609,0.040285,3.04,0.07064,0.028104,3.8E-05,0.28824,2.97,0.022452,1.56,700.81
136,0.705359,2.5E-05,3.13,0.000249,6.6E-05,11.84,14.92,3.9E-08,0.001678,0.354808,0.011921,0.001403,1.3E-05,0.012964,0.006231,0.003927,6.34,42.81
137,1.68,9E-06,2.32,4.6E-05,4.6E-05,92.21,0.602402,0.001823,0.001699,3.26,0.025521,0.001217,3.9E-05,0.306266,3.7,0.047792,1.41,646.6
138,108.81,0.001293,3.09,0.009131,0.002226,11.53,15.88,3.8E-08,0.085848,0.380581,0.396127,0.839635,0.001125,0.01256,0.006176,1.45,5.82,40.05
139,2.98,5.3E-05,2.48,0.000271,0.000173,95.21,0.928814,0.001663,0.043547,3.36,0.068804,0.029591,3.8E-05,0.253155,3.46,0.021755,1.02,721.4
140,0.894451,2.6E-05,2.8,0.000252,6.3E-05,10.64,15.78,3.9E-08,0.001387,0.358963,0.013783,0.001455,1.1E-05,0.01129,0.006404,0.003976,5.27,45.66
141,1.66,9E-06,2.33,4.9E-05,4.9E-05,97.76,16.51,0.001377,0.001522,3.14,0.027898,0.001165,3.8E-05,0.249317,3.29,0.051435,0.836066,672.78
142,113.6,0.001261,3.31,0.009051,0.002153,10.71,16.14,0.002217,0.086302,0.351084,0.393192,0.839095,0.001094,0.011859,0.004805,1.45,5.51,46.1
143,3.17,5.8E-05,2.16,0.000263,0.000173,93.34,16.06,0.002219,0.044198,3.12,0.068688,0.032949,3.4E-05,0.256594,3.14,0.020563,0.768672,695.49
144,0.92668,2.7E-05,2.29,0.000277,7E-05,10.95,14.83,3.9E-08,0.001562,0.328391,0.015368,0.001496,1.1E-05,0.011504,0.005027,0.003959,5.64,46.11
145,1.7,9E-06,2.03,4.9E-05,4.3E-05,100.02,16.4,0.002574,0.001505,3.28,0.026603,0.001287,3.8E-05,0.332804,3.1,0.052666,0.713006,880.76
146,106.34,0.001202,2.08,0.009163,0.002176,10.94,15.5,3.9E-08,0.082062,0.323785,0.382131,0.816347,0.001081,0.011743,0.005071,1.39,5.35,47.38
147,3.03,5.2E-05,1.69,0.000273,0.000171,100.67,14.18,0.002699,0.046484,3.16,0.074344,0.034198,3.8E-05,0.24994,5.13,0.022035,0.586993,764.26
148,0.812757,2.7E-05,2.15,0.000299,7.1E-05,11.88,14.77,4E-08,0.001577,0.363063,0.015197,0.001488,9E-06,0.0119,0.005399,0.004017,5.19,47.46
149,1.77,1E-05,1.74,5.3E-05,4.6E-05,87.98,17.55,0.002679,0.001496,3.13,0.028523,0.001352,3.9E-05,0.217992,3.37,0.054626,1.09,588.86
