,decred,digixdao,lisk,monacoin,pivx,stellar,supernet-unity,syscoin,vertcoin
0,32.64,78.48,8.41,0.069667,3.08,0.001923,1.71,0.000498,0.029603
1,0.731985,8.47,0.168663,0.04698,0.0094,0.001958,3.67,0.000723,0.063536
2,34.35,76.34,8.45,2.72,3.22,0.033832,30.22,0.181079,3.02
3,0.70997,9.2,0.174003,0.03069,0.009719,0.002438,2.37,0.008473,0.03801
4,34.32,75.24,7.1,0.071419,3.14,0.001956,1.62,0.000497,0.030796
5,0.644311,9.57,0.179635,0.046386,0.00967,0.001914,3.78,0.00082,0.071199
6,31.79,70.2,6.34,3.03,3.18,0.031269,30.95,0.178436,3.34
7,0.666323,9.26,0.181303,0.029714,0.011633,0.002407,2.24,0.009102,0.035455
8,29.42,59.7,5.5,0.077133,2.98,0.001957,1.76,0.00051,0.033393
9,0.656818,9.64,0.182718,0.04724,0.011483,0.002034,4.09,0.000527,0.074733
10,30.71,61.53,5.78,2.79,3.36,0.036429,28.65,0.170902,2.79
11,0.645018,10.01,0.182734,0.029765,0.009091,0.002476,2.54,0.008655,0.035032
12,30.27,60.56,5.64,0.073799,3.3,0.001975,1.79,0.000557,0.032424
13,0.71359,9.47,0.186025,0.046115,0.010943,0.00207,4.5,0.000395,0.074265
14,33.06,65.79,6.45,2.91,3.39,0.026756,34.18,0.173771,2.03
15,0.73386,10.52,0.181017,0.030415,0.009236,0.00267,2.66,0.008401,0.034136
16,31.58,66.56,6.05,0.068671,3.38,0.00187,1.68,0.000582,0.032085
17,0.619449,10.4,0.187839,0.046136,0.01279,0.002023,4.5,0.000565,0.073727
18,29.33,64.57,5.19,3.26,2.84,0.031195,30.11,0.1818,2.11
19,0.632151,10.57,0.21349,0.030544,0.016044,0.002339,2.81,0.008454,0.035142
20,28.8,62.78,4.59,0.073609,2.89,0.001933,1.83,0.000492,0.031962
21,0.626592,10.97,0.215194,0.045785,0.013178,0.002023,4.31,0.0006,0.075163
22,29.04,64.71,4.44,2.82,3.06,0.035133,29.95,0.187648,1.77
23,0.634668,10.39,0.198437,0.030677,0.010511,0.002388,2.96,0.008564,0.036124
24,28.93,68.94,4.59,0.069564,2.75,0.001972,1.84,0.000629,0.033301
25,0.648302,10.78,0.187336,0.049587,0.008744,0.002059,4.56,0.000709,0.077173
26,27.61,69.14,4.54,2.95,2.84,0.045842,28.22,0.20475,1.66
27,0.655677,10.7,0.187735,0.031339,0.008955,0.002291,2.58,0.009225,0.035561
28,24.81,61.16,4.33,0.066867,2.71,0.001986,1.83,0.000396,0.033419
29,0.709144,11.57,0.179841,0.051131,0.008228,0.002021,4.69,0.000785,0.07309
30,26.89,58.11,4.51,3.54,2.69,0.036865,31,0.178711,1.75
31,0.711819,10.56,0.162529,0.031763,0.007882,0.002418,2.53,0.009532,0.035806
32,21.8,78.82,1.2,0.067898,1.51,0.001936,1.84,0.000349,0.03449
33,1.51,8.36,0.312831,0.051933,0.002311,0.00208,4.47,0.000895,0.068214
34,20.3,78.25,1.1,4.18,1.71,0.018925,2.57,0.154499,1.4
35,1.48,8.51,0.350992,0.031919,0.002347,0.002439,1.87,0.00931,0.036206
36,20.83,75.19,1.04,0.06917,1.66,0.001934,4.51,0.000343,0.034977
37,1.46,8.41,0.377337,0.060765,0.002404,0.002174,3.18,0.000861,0.066718
38,20.04,80.02,1.05,4.15,1.34,0.017522,1.89,0.162415,1.34
39,1.61,8.65,0.347767,0.031384,0.002395,0.002479,4.35,0.009124,0.037081
40,18.9,74.23,1.02,0.069905,1.08,0.001915,33.39,0.000346,0.035571
41,1.34,8.68,0.385324,0.064153,0.002409,0.002352,2.58,0.000981,0.061277
42,21.4,61.84,1.08,4.67,1.19,0.01796,1.85,0.158236,1.22
43,1.33,9.21,0.50095,0.031675,0.002357,0.002539,4.27,0.009331,0.037674
44,21.92,79.64,1.14,0.064496,1.36,0.002101,33.49,0.000376,0.034898
45,1.39,8.39,0.278525,0.064709,0.002381,0.002299,2.71,0.00097,0.067142
46,24.37,103.42,1.58,3.4,0.903705,0.017784,1.79,0.147956,1.21
47,1.44,8.74,0.560052,0.031011,0.003135,0.002637,4.37,0.008227,0.037902
48,22.31,87.17,0.98705,0.065303,0.99146,0.002031,35.44,0.000342,0.038185
49,1.52,8.94,2.95,0.0674,0.002923,0.002243,2.59,0.001102,0.064198
50,20.05,80.61,0.836191,1.45,0.890556,0.01945,1.84,0.151192,1.28
51,1.45,9.26,2.74,0.029075,0.003249,0.002679,4.6,0.008522,0.037493
52,20.33,71.67,0.801484,0.062186,0.977864,0.00211,37.73,0.000376,0.036489
53,1.54,9.06,4.08,0.063708,0.002693,0.002336,2.85,0.001086,0.061467
54,20.25,73.26,0.766393,0.761928,1.13,0.018953,1.82,0.155174,1.15
55,1.46,9.52,3.41,0.030153,0.002601,0.002466,5.38,0.0086,0.03976
56,20.01,69.56,0.686646,0.067763,1.18,0.002084,42.02,0.000314,0.033653
57,1.55,9.09,1.43,0.068562,0.002682,0.002309,2.64,0.001059,0.053352
58,21.1,59.42,0.615139,0.69098,1.16,0.017601,1.83,0.129247,1.13
59,1.59,10.2,1.89,0.028864,0.00266,0.002376,5.52,0.008466,0.038135
60,21.14,56.03,0.563763,0.077799,1.15,0.002121,59.47,0.00031,0.033026
61,1.74,10.08,0.750805,0.064905,0.002685,0.002358,2.15,0.001078,0.051937
62,15.27,43.4,0.512111,0.655201,1.05,0.018598,0.77647,0.132149,1.14
63,1.99,10.03,0.784433,0.02865,0.00267,0.002317,3.81,0.008928,0.037211
64,15.55,43.46,0.561092,0.079048,1.12,0.001996,44.96,0.000339,0.03587
65,1.33,10.19,0.829394,0.061833,0.00264,0.002477,2.5,0.001124,0.043729
66,17.16,44.98,0.590805,0.805991,1.22,0.020959,0.865213,0.149823,1.32
67,1.32,12.13,0.824642,0.029773,0.002375,0.002374,3.66,0.00919,0.035982
68,18.79,44.63,0.562754,0.081972,1.29,0.002075,49.06,0.000341,0.033875
69,1.27,12.77,0.788618,0.060414,0.002356,0.002447,2.4,0.001152,0.04059
70,15.25,45.64,0.579403,0.527705,1.22,0.018403,0.853698,0.15003,1.45
71,1.29,12.75,0.81667,0.032252,0.002443,0.002306,3.25,0.009945,0.03579
72,15.34,43.02,0.542498,0.08252,1.19,0.002077,66.15,0.000367,0.038023
73,1.37,13.35,1.22,0.060244,0.002386,0.002574,2.4,0.001097,0.044601
74,16.53,40.77,0.556969,0.465901,1.12,0.014576,0.942253,0.150343,1.23
75,1.41,13.07,0.833555,0.032673,0.002268,0.002485,3.38,0.00942,0.03609
76,15.47,41.73,0.555242,0.080941,1.24,0.001989,54.08,0.000341,0.037949
77,1.45,11.94,0.761164,0.067367,0.002383,0.002387,2.35,0.001189,0.040458
78,17.23,44.14,0.607637,0.445177,1.37,0.011851,0.94303,0.152654,1.15
79,1.48,11.92,0.790503,0.032422,0.002692,0.00259,3.44,0.008754,0.035491
80,17.05,36.06,0.621777,0.08057,1.46,0.002051,30.26,0.000352,0.041235
81,1.58,12.76,0.696178,0.047484,0.002761,0.002371,2.52,0.001103,0.046901
82,17.02,35.42,0.64635,0.455395,1.56,0.012403,0.943463,0.166565,1.05
83,1.52,14.91,0.814017,0.034454,0.00302,0.00271,3.48,0.008249,0.035501
84,15.95,37.02,0.598858,0.081001,1.54,0.002013,25.23,0.000402,0.043029
85,1.52,10.25,1.42,0.051139,0.003391,0.002601,2.75,0.001331,0.051103
86,15.25,34.42,0.585068,0.480731,1.52,0.012962,0.901964,0.155159,0.990215
87,1.51,8.07,1.52,0.035484,0.002582,0.002867,3.56,0.008179,0.034509
88,14.37,30.96,0.547081,0.085284,1.52,0.002076,22.78,0.000343,0.043403
89,1.53,6.42,0.725287,0.05696,0.002162,0.002773,2.64,0.001401,0.055838
90,13.8,29.95,0.541816,0.449816,1.71,0.013688,0.979057,0.159599,1.06
91,1.51,6.67,1.18,0.037266,0.002174,0.002763,3.31,0.008613,0.035099
92,15.16,29.11,0.581523,0.090255,1.63,0.002224,35.68,0.000364,0.04263
93,1.54,7.16,0.70878,0.057732,0.00196,0.00288,2.54,0.001457,0.058472
94,12.67,19.42,0.309446,6.23,0.900375,0.072871,1.02,0.270129,5.34
95,1.97,21.23,0.331256,0.027265,0.003518,0.001629,3.21,0.008876,0.023023
96,12.25,19.66,0.337734,0.067457,0.8291,0.001732,54.15,0.000524,0.02041
97,2.16,17.03,0.303948,0.045428,0.003602,0.00221,2.52,0.000474,0.051378
98,12.24,15.62,0.286597,5.3,0.634372,0.064424,1.07,0.244286,4.93
99,2.06,14.73,0.268239,0.027526,0.003497,0.001667,3.26,0.009329,0.022736
100,12.81,14.8,0.269478,0.067891,0.628593,0.00174,53.16,0.00054,0.022446
101,2.06,14.14,0.257284,0.046629,0.00325,0.002521,2.29,0.000369,0.050466
102,10.79,15.83,0.265448,5.7,0.620125,0.081415,1.08,0.302831,5.09
103,2.07,16.29,0.285156,0.02651,0.00435,0.001655,3.17,0.009282,0.023054
104,15.19,15.96,0.303869,0.069696,0.589681,0.001741,33.84,0.000536,0.021368
105,2.31,14.97,0.240709,0.046831,0.004857,0.002861,2.72,0.000384,0.048615
106,10.02,15.51,0.186555,7.43,0.615858,0.059843,1.1,0.332173,5.37
107,2.05,12.93,0.174334,0.024775,0.0053,0.001665,3.35,0.009208,0.024458
108,7.3,15.24,0.164313,0.071915,0.47303,0.001766,33.01,0.000529,0.02184
109,1.92,14.89,0.191859,0.047593,0.004864,0.003426,2.69,0.000348,0.051826
110,7.81,16.13,0.167172,4.49,0.706544,0.048896,1.12,0.329155,5.47
111,2.04,13.85,0.146783,0.024663,0.005345,0.001649,3.22,0.009651,0.025238
112,5.91,9.41,0.12857,0.072128,0.678389,0.00192,40.74,0.00053,0.02241
113,2.13,10.54,0.113241,0.046244,0.005623,0.00213,2.57,0.000355,0.051861
114,5.76,9.32,0.111927,4.54,0.527395,0.043639,1.1,0.361207,4.69
115,2.19,9.54,0.113279,0.024022,0.005709,0.001722,3.29,0.009513,0.025394
116,6.14,9.38,0.118916,0.071114,0.360835,0.001908,2.85,0.000527,0.02167
117,2.18,9.67,0.110449,0.045224,0.006782,0.001898,1.13,0.000394,0.05135
118,6.38,10.21,0.12034,4.5,0.286548,0.040193,3.44,0.21577,3.98
119,2.31,10.12,0.124933,0.023766,0.006194,0.001691,3.08,0.01018,0.027315
120,6.23,10.42,0.119649,0.074107,0.165387,0.001867,1.08,0.000572,0.021459
121,2.43,10.55,0.115802,0.046366,0.005724,0.001957,3.33,0.000433,0.049295
122,4.83,10.57,0.109048,3.49,0.10279,0.040535,2.68,0.218445,4.09
123,2.49,10.37,0.109435,0.024076,0.005116,0.001733,1.14,0.009937,0.026744
124,5.18,9.82,0.10478,0.069171,0.139302,0.0019,3.49,0.000522,0.021268
125,2.62,80.78,2.53,0.045918,0.005056,0.002165,31.7,0.000336,0.0487
126,5.34,10.34,0.311289,3.6,0.170252,0.042299,2.46,0.23172,4.1
127,2.59,83.2,2.71,0.024853,0.004658,0.001735,1.15,0.009943,0.026377
128,4.64,10.86,0.302058,0.07048,0.110101,0.001972,3.6,0.000546,0.021984
129,2.42,90.65,2.92,0.045798,0.005754,0.001809,30.13,0.000355,0.047271
130,5.06,10.24,0.290045,2.92,0.096176,0.037668,2.4,0.214969,3.95
131,2.38,86.73,2.74,0.024302,0.004572,0.001755,1.25,0.009275,0.027477
132,4.62,11.36,0.307191,0.070548,0.066329,0.00191,4.01,0.000403,0.022466
133,2.28,84.47,2.8,0.044128,0.004364,0.001563,34.13,0.000361,0.049665
134,3.27,11.34,0.323548,2.94,0.056493,0.038121,2.57,0.207189,4.04
135,2.4,88.29,3.04,0.024567,0.004237,0.00176,1.13,0.010111,0.026962
136,3.13,11.84,0.354808,0.070296,0.043891,0.001895,3.7,0.000405,0.023893
137,2.32,92.21,3.26,0.047185,0.004086,0.001589,39.96,0.00034,0.056687
138,3.09,11.53,0.380581,3.04,0.049077,0.036566,2.5,0.210871,4.22
139,2.48,95.21,3.36,0.02472,0.004038,0.001796,1.06,0.00908,0.027765
140,2.8,10.64,0.358963,0.074677,0.04175,0.00193,3.74,0.000418,0.023793
141,2.33,97.76,3.14,0.048735,0.004884,0.001548,36,0.00039,0.051912
142,3.31,10.71,0.351084,3.06,0.042215,0.036583,2.4,0.212551,4.32
143,2.16,93.34,3.12,0.023609,0.004047,0.001807,1.06,0.008772,0.028709
144,2.29,10.95,0.328391,0.071468,0.044781,0.001909,3.91,0.000366,0.022262
145,2.03,100.02,3.28,0.044035,0.006384,0.001357,39.67,0.000412,0.052041
146,2.08,10.94,0.323785,2.95,0.046274,0.035572,2.34,0.194835,4.15
147,1.69,100.67,3.16,0.023642,0.008497,0.00182,1,0.008913,0.028227
148,2.15,11.88,0.363063,0.071075,0.046912,0.002015,3.31,0.000353,0.024106
149,1.74,87.98,3.13,0.044009,0.006895,0.001608,34.97,0.000433,0.055372
