,bitshares,digibyte,dogecoin,ethereum,nav-coin,nem,nexus,nxt,siacoin,tether
0,0.003941,0.000211,0.000114,303.46,0.00191,0.214811,1.59,0.007493,0.004701,0.998625
1,0.023716,6.8E-05,0.000251,11.79,0.000783,0.004547,0.025881,0.022322,0.000454,1
2,0.049859,0.008417,0.001016,0.634963,0.777207,0.000109,0.001315,0.058529,3.5E-05,1
3,0.004458,0.000336,0.000221,299.87,0.053026,0.209909,1.54,0.007458,0.004212,0.999441
4,0.003693,0.00021,0.000115,11.76,0.001875,0.003546,0.025683,0.007453,0.000452,1
5,0.023093,6.1E-05,0.000245,0.627857,0.000834,0.000112,0.001308,0.021485,2.9E-05,1
6,0.052607,0.008805,0.001023,297.39,0.800196,0.194931,1.28,0.060803,0.00421,0.99978
7,0.004578,0.000342,0.000223,12.05,0.048888,0.003877,0.028057,0.007651,0.000452,1
8,0.003809,0.000219,0.000118,0.650628,0.001766,0.000117,0.001322,0.007823,3.2E-05,1
9,0.025659,6.5E-05,0.000256,308.61,0.000883,0.194807,1.38,0.024533,0.004163,0.998442
10,0.054017,0.008594,0.001007,12.22,0.764772,0.003955,0.028786,0.061944,0.000449,1
11,0.004451,0.000337,0.000218,0.621716,0.044447,0.000118,0.001382,0.007738,3.1E-05,1
12,0.003895,0.000238,0.000117,311.12,0.001773,0.212189,1.38,0.007383,0.004606,0.99932
13,0.025618,6.9E-05,0.00023,12.67,0.000897,0.004019,0.027777,0.023539,0.000452,1
14,0.049977,0.009388,0.00105,0.609388,0.824691,0.000136,0.001336,0.063437,2.7E-05,1
15,0.004588,0.000346,0.000221,308.59,0.044875,0.211324,1.5,0.00779,0.004635,1
16,0.004324,0.000211,0.000118,12.85,0.001613,0.004399,0.030308,0.006889,0.000454,1
17,0.022404,6.8E-05,0.000232,0.650645,0.000932,0.000123,0.001407,0.022634,2.7E-05,1
18,0.052308,0.00978,0.001064,295.86,0.798185,0.211072,1.56,0.065116,0.004626,1
19,0.004451,0.000341,0.000219,13.04,0.04261,0.004336,0.031693,0.007766,0.000457,1
20,0.004249,0.000282,0.000119,0.628643,0.001769,0.000119,0.001295,0.007209,2.9E-05,1
21,0.023524,7E-05,0.000244,292.66,0.000912,0.218456,1.61,0.023104,0.004751,1
22,0.056197,0.010414,0.001047,13.28,1.01,0.004256,0.018988,0.066639,0.000465,1
23,0.004529,0.000339,0.000221,0.668379,0.049925,0.000122,0.001277,0.007832,2.9E-05,1
24,0.004249,0.000385,0.000119,292.46,0.001817,0.22274,1.67,0.007052,0.004832,1
25,0.024592,7.4E-05,0.000257,13.45,0.000967,0.004285,0.033248,0.023088,0.00047,0.999998
26,0.055195,0.010192,0.001067,0.687171,0.652744,0.000127,0.001275,0.066945,2.6E-05,1
27,0.004229,0.000364,0.000221,297.48,0.04007,0.231441,1.67,0.008011,0.005134,1
28,0.004044,0.000417,0.000121,13.2,0.002036,0.004311,0.032112,0.007384,0.00046,0.999998
29,0.025181,7.3E-05,0.00025,0.678574,0.00103,0.000149,0.001353,0.022609,2.8E-05,1
30,0.056209,0.010459,0.001164,302.34,0.666192,0.24618,1.83,0.069312,0.004901,0.999924
31,0.004468,0.000392,0.000223,13.17,0.041183,0.004386,0.036655,0.008054,0.000469,1
32,0.004341,0.000417,0.000121,0.690215,0.001923,0.000175,0.001364,0.00763,2.9E-05,1
33,0.02558,7.3E-05,0.000258,447.11,0.001032,0.226677,1.4,0.023297,0.005456,1.01
34,0.050607,0.00922,0.001106,8.59,0.648105,0.003717,0.02762,0.067413,0.000224,1
35,0.004566,0.000427,0.000224,0.873119,0.041903,0.000106,0.001362,0.008109,1.9E-05,1
36,0.004659,0.000388,0.00012,427.52,0.001865,0.218286,1.14,0.007536,0.005427,0.990606
37,0.026507,7.9E-05,0.000268,8.17,0.000965,0.003754,0.027545,0.024029,0.000236,1
38,0.051105,0.009346,0.00111,0.878614,0.664604,0.000104,0.001241,0.068486,1.9E-05,1
39,0.004474,0.000371,0.000227,472.9,0.04162,0.248682,1.3,0.008775,0.006481,1
40,0.004715,0.000324,0.00012,8.72,0.002033,0.003747,0.029527,0.007852,0.000233,1
41,0.027406,8E-05,0.000285,0.915703,0.000902,0.000107,0.001185,0.025472,1.8E-05,1
42,0.053578,0.010034,0.001066,480.36,0.671706,0.226282,1.43,0.063232,0.006325,1
43,0.004683,0.000394,0.000227,9,0.042991,0.003671,0.028269,0.009866,0.000244,1
44,0.005783,0.000117,0.000121,0.867951,0.00199,9.3E-05,0.001147,0.008015,1.4E-05,1
45,0.027486,7E-05,0.000285,471.33,0.001034,0.213886,1.44,0.024196,0.005588,1.01
46,0.049118,0.010201,0.001062,9.33,0.706594,0.003668,0.028189,0.064574,0.000244,1
47,0.004754,0.000382,0.000225,0.884183,0.044876,0.000111,0.001146,0.011397,2.1E-05,1
48,0.006098,0.000113,0.000119,466.28,0.00198,0.218506,1.54,0.007629,0.005387,1.01
49,0.027187,6.8E-05,0.00029,9.4,0.001044,0.003592,0.034489,0.024854,0.000255,1
50,0.049041,0.011475,0.001046,0.863537,0.697803,0.000108,0.00108,0.066505,2E-05,1
51,0.004726,0.000365,0.00023,474.91,0.04213,0.209109,1.63,0.01169,0.005052,1
52,0.005925,0.000118,0.00012,9.23,0.001822,0.003606,0.034846,0.007744,0.000245,1
53,0.028014,6.5E-05,0.000278,0.900191,0.001069,1E-04,0.001053,0.023959,2.2E-05,1
54,0.048051,0.011875,0.001036,410.17,0.738217,0.201437,1.44,0.066919,0.005275,0.994631
55,0.004935,0.00034,0.000228,9.84,0.044338,0.003707,0.037359,0.011899,0.000272,1
56,0.005732,0.00011,0.000119,0.946969,0.001816,0.000106,0.001066,0.007996,1.9E-05,1
57,0.027052,6.9E-05,0.000271,380.65,0.00113,0.203891,1.02,0.024738,0.005391,1
58,0.04389,0.011199,0.000991,9.91,0.701747,0.00376,0.035877,0.062372,0.000279,1
59,0.004849,0.00032,0.000228,0.968018,0.046282,1E-04,0.001118,0.012086,2.6E-05,1
60,0.00581,0.000111,0.000119,360.4,0.001925,0.202712,1.01,0.008002,0.004412,0.996047
61,0.028401,6.6E-05,0.000293,9.62,0.001058,0.003937,0.035292,0.025575,0.000276,1
62,0.053516,0.011849,0.001056,0.97614,0.618811,0.000103,0.001124,0.068444,2.3E-05,1
63,0.004892,0.000323,0.000225,366.73,0.044279,0.213041,1.01,0.0115,0.004286,1
64,0.005162,0.000109,0.000119,9.58,0.001957,0.003943,0.030157,0.008056,0.000278,1
65,0.028591,6.3E-05,0.000294,0.92492,0.000826,0.000113,0.001037,0.025647,2.6E-05,1
66,0.057954,0.013408,0.001066,354.39,0.696527,0.201947,1.03,0.07969,0.004267,1
67,0.004963,0.000333,0.000228,9.66,0.04557,0.003993,0.033779,0.012672,0.000286,1
68,0.005056,9.3E-05,0.000121,0.955532,0.00195,0.000111,0.001138,0.008287,2E-05,1
69,0.028233,6.1E-05,0.000297,347.61,0.000808,0.196271,1.08,0.025305,0.004058,1
70,0.060176,0.013681,0.001056,9.48,0.750149,0.004008,0.033815,0.066085,0.000287,1
71,0.005048,0.000331,0.000223,0.993319,0.047481,0.000109,0.001157,0.013074,2.3E-05,1
72,0.005019,9.4E-05,0.000121,332.39,0.002036,0.192635,1.06,0.008407,0.004014,1
73,0.028926,6.4E-05,0.000298,9.99,0.000835,0.004021,0.032367,0.024711,0.000295,1
74,0.059119,0.013397,0.001001,1.01,0.790182,9.7E-05,0.001196,0.063342,2.3E-05,1
75,0.004888,0.000324,0.000233,330.92,0.049289,0.196787,0.926765,0.01154,0.00405,1
76,0.005039,8.9E-05,0.000117,10.06,0.001919,0.003992,0.031861,0.008181,0.000295,1
77,0.029076,5.9E-05,0.000273,0.928962,0.000816,0.000129,0.001085,0.023841,2E-05,1
78,0.053455,0.013521,0.001024,333.36,0.77122,0.193879,0.984043,0.063072,0.004143,1
79,0.004854,0.000323,0.000229,10.22,0.042107,0.004192,0.030506,0.012747,0.000314,1
80,0.005202,9.9E-05,0.000118,0.906368,0.001866,0.000112,0.001259,0.008106,2.2E-05,1
81,0.03018,6.3E-05,0.0003,337.63,0.000832,0.194469,0.970011,0.024241,0.004163,1.01
82,0.061949,0.013948,0.001108,9.97,0.842933,0.004256,0.029582,0.06662,0.000324,1
83,0.005003,0.000325,0.000234,0.888812,0.044324,0.000121,0.001111,0.010477,2.3E-05,1
84,0.005346,0.000103,0.000121,316.72,0.002362,0.192662,0.957763,0.008333,0.003976,1.01
85,0.031935,7.2E-05,0.000326,10.1,0.000829,0.004647,0.029269,0.026453,0.000321,1
86,0.078187,0.016084,0.001085,0.904096,0.903653,0.000128,0.000977,0.070881,2.4E-05,1
87,0.004796,0.000324,0.00023,307.91,0.044803,0.180406,0.860242,0.011192,0.003753,1.01
88,0.005324,0.000101,0.000123,9.88,0.001894,0.004773,0.021709,0.008202,0.00033,1
89,0.03141,7.5E-05,0.000334,0.895711,0.000912,0.000132,0.001037,0.027855,2.4E-05,1
90,0.081689,0.017995,0.001084,314.68,0.883183,0.192428,1.04,0.074751,0.004386,1.01
91,0.004871,0.000325,0.000233,10.29,0.037673,0.004867,0.022223,0.011557,0.000321,1
92,0.006045,0.000105,0.000122,0.791829,0.00214,0.000127,0.000949,0.008262,2.5E-05,1
93,0.03231,8.1E-05,0.000371,299.25,0.001009,0.192903,1.03,0.028308,0.004225,1.01
94,0.13571,0.011307,0.002079,10.52,0.979356,0.004159,0.020644,0.179131,0.000316,0.999997
95,0.003775,0.000239,0.000214,0.934348,0.032798,0.000132,0.001343,0.006275,2.7E-05,1
96,0.00321,0.000176,0.000128,320.88,0.001934,0.220927,1.15,0.006045,0.005046,1.01
97,0.019006,8E-05,0.000242,10.66,0.001434,0.003923,0.022648,0.019224,0.000324,1
98,0.135587,0.011276,0.00208,0.999278,0.932741,0.000152,0.001335,0.160994,3E-05,1
99,0.003749,0.000238,0.000217,309.07,0.030191,0.194292,1.09,0.00619,0.003962,1.01
100,0.003211,0.000159,0.00013,10.83,0.001899,0.004125,0.019923,0.006056,0.000341,1
101,0.020195,6.9E-05,0.000243,1.03,0.001427,0.000141,0.0014,0.020046,3E-05,1
102,0.175528,0.013182,0.002363,294.66,1.08,0.180246,0.969287,0.196383,0.003682,1.01
103,0.003828,0.000255,0.000218,10.81,0.03268,0.004125,0.024493,0.006259,0.000348,1
104,0.003241,0.000166,0.00013,0.927974,0.002194,0.000164,0.000967,0.006098,3.1E-05,1
105,0.016991,6.4E-05,0.000245,298.89,0.001428,0.186642,0.957094,0.018991,0.003661,1
106,0.151971,0.011833,0.001988,10.87,1.19,0.003706,0.02284,0.198885,0.000351,1
107,0.003949,0.000262,0.000217,0.926032,0.031792,0.000142,0.001118,0.006096,3E-05,1
108,0.003204,0.000151,0.000133,296.26,0.002142,0.180309,0.975481,0.006261,0.00344,0.9988
109,0.016822,4.8E-05,0.000243,11,0.001427,0.003885,0.021889,0.018799,0.00036,1
110,0.136213,0.010722,0.002026,0.895637,1.14,0.000151,0.000915,0.165456,3.5E-05,1
111,0.004024,0.000268,0.000219,300.47,0.032387,0.170845,1.02,0.006218,0.003548,1
112,0.003224,0.000179,0.000132,11.09,0.001714,0.003722,0.019637,0.006617,0.000353,1
113,0.016459,4.4E-05,0.000232,0.89905,0.001291,0.000151,0.001112,0.018999,3.7E-05,1
114,0.133966,0.010392,0.002072,305.71,0.92445,0.171728,0.92864,0.135114,0.003563,1.01
115,0.004037,0.000261,0.00022,10.8,0.031989,0.003664,0.021009,0.006277,0.000361,1
116,0.003325,0.000199,0.00013,1.01,0.00231,0.000172,0.001304,0.006122,3.6E-05,1
117,0.017449,4.5E-05,0.000243,287.43,0.001181,0.166887,0.923561,0.019436,0.003656,1
118,0.13427,0.010135,0.001908,10.75,0.854168,0.003749,0.025605,0.126009,0.000368,1
119,0.004018,0.000257,0.000218,0.989789,0.033022,0.000162,0.001504,0.006432,3.6E-05,1
120,0.003258,0.000213,0.000128,291.69,0.002312,0.166645,1.06,0.005817,0.003638,1
121,0.016936,4.9E-05,0.000248,10.77,0.001361,0.003828,0.026996,0.019785,0.000354,1
122,0.139836,0.009414,0.001891,1.06,0.864375,0.00015,0.001329,0.112254,3.6E-05,1
123,0.004048,0.000262,0.000219,230.67,0.026748,0.202065,0.434769,0.006547,0.007476,1.04
124,0.003351,0.000213,0.00013,14.08,0.002342,0.001875,0.011745,0.005907,0.000325,1
125,0.01667,4.7E-05,0.000251,231.91,0.001158,0.000177,0.000829,0.019064,0.007797,1
126,0.137132,0.009586,0.001823,12.73,0.857763,0.186042,0.426776,0.126158,0.000314,1.01
127,0.004017,0.000271,0.000224,194.91,0.025933,0.001676,0.012293,0.006423,0.008059,1
128,0.003307,0.000215,0.000128,12.35,0.001996,0.000185,0.000812,0.006049,0.000262,1
129,0.015981,4.5E-05,0.000214,170.51,0.001128,0.208717,0.433627,0.017696,0.006738,1.02
130,0.143889,0.00899,0.001389,11.89,0.875157,0.001648,0.012446,0.125854,0.000256,1
131,0.004009,0.000275,0.000222,157.76,0.028355,0.000183,0.000891,0.006495,0.006699,1
132,0.003335,0.00022,0.000131,11.3,0.001903,0.208126,0.428347,0.006086,0.000265,1.04
133,0.015825,4.8E-05,0.000209,160.4,0.001182,0.001613,0.011584,0.018013,0.007124,1
134,0.126175,0.008747,0.001394,12.43,0.802279,0.000196,0.000812,0.090254,0.000274,1
135,0.004071,0.000272,0.000219,174.45,0.028104,0.19884,0.418323,0.006472,0.009231,1.02
136,0.003321,0.000249,0.000131,12.53,0.001403,0.001561,0.01299,0.006026,0.00025,1
137,0.014011,4.6E-05,0.00021,190.05,0.001217,0.000197,0.000902,0.017681,0.00915,1
138,0.102424,0.009131,0.001376,12.73,0.839635,0.182618,0.445393,0.077259,0.000245,1.04
139,0.004141,0.000271,0.00022,181.95,0.029591,0.001508,0.016321,0.006627,0.009704,1
140,0.003355,0.000252,0.00013,13.46,0.001455,0.000183,0.000759,0.006122,0.000265,1
141,0.015328,4.9E-05,0.000217,174.26,0.001165,0.206736,0.456612,0.018063,0.008868,1.04
142,0.100355,0.009051,0.001373,14.29,0.839095,0.001638,0.014763,0.075759,0.000314,1
143,0.004082,0.000263,0.000218,157.94,0.032949,0.000178,0.001427,0.006799,0.01067,1
144,0.003408,0.000277,0.000135,14.02,0.001496,0.261565,0.523613,0.006231,0.000317,1.02
145,0.015293,4.9E-05,0.000214,126.52,0.001287,0.001652,0.018649,0.018044,0.008259,1
146,0.092466,0.009163,0.001313,13.64,0.816347,0.000182,0.001325,0.06989,0.000279,1
147,0.004152,0.000273,0.000224,129.53,0.034198,0.2651,0.49759,0.006855,0.006616,1.01
148,0.003418,0.000299,0.000133,14.77,0.001488,0.001661,0.020037,0.006255,0.00027,1
149,0.017036,5.3E-05,0.000224,96.91,0.001352,0.000177,0.001534,0.019248,0.004111,1
