,agoras-tokens,augur,bitcoin,bitshares,dogecoin,einsteinium,monero,nxt,peercoin,ripple,syscoin
0,0.123882,1.53,6468.4,0.003941,0.000114,7.7E-05,0.395808,0.007493,1.31,0.200558,0.000498
1,0.32004,25.12,700.97,0.023716,0.000251,0.00017,0.762157,0.022322,0.256665,0.008196,0.000723
2,0.129564,4.52,314.17,0.049859,0.001016,0.059634,85.21,0.058529,0.39165,0.004687,0.181079
3,0.124018,1.59,338.32,0.004458,0.000221,0.001709,6.51,0.007458,0.814681,0.004867,0.008473
4,0.316608,21.13,204,0.003693,0.000115,6.8E-05,0.393922,0.007453,0.37536,0.006073,0.000497
5,0.134242,4.68,6130.53,0.023093,0.000245,0.000188,0.865496,0.021485,1.17,0.202711,0.00082
6,0.124926,1.6,701.86,0.052607,0.001023,0.072014,86.58,0.060803,0.266532,0.008014,0.178436
7,0.332059,20.99,328.01,0.004578,0.000223,0.001819,6.52,0.007651,0.424313,0.004839,0.009102
8,0.122581,4.53,345.31,0.003809,0.000118,8.5E-05,0.403236,0.007823,0.834673,0.00489,0.00051
9,0.346433,1.58,199.97,0.025659,0.000256,0.0002,0.946716,0.024533,0.36889,0.005854,0.000527
10,0.129745,20.2,6153.85,0.054017,0.001007,0.072835,88.12,0.061944,1.2,0.202785,0.170902
11,0.383951,4.63,714.48,0.004451,0.000218,0.001822,6.78,0.007738,0.266388,0.007732,0.008655
12,0.138114,1.59,313.86,0.003895,0.000117,7.8E-05,0.394597,0.007383,0.425463,0.004634,0.000557
13,0.385014,19.74,335.59,0.025618,0.00023,0.000211,0.957783,0.023539,0.812206,0.004776,0.000395
14,0.13564,4.13,204.39,0.049977,0.00105,0.081336,90.54,0.063437,0.39856,0.005998,0.173771
15,0.121266,1.64,5753.09,0.004588,0.000221,0.001477,6.56,0.00779,1.19,0.201835,0.008401
16,0.356915,19.26,689.65,0.004324,0.000118,8E-05,0.399646,0.006889,0.278268,0.008143,0.000582
17,0.135686,4.48,304.62,0.022404,0.000232,0.000212,0.950394,0.022634,0.388758,0.004675,0.000565
18,0.120841,1.64,357.62,0.052308,0.001064,0.087179,88.62,0.065116,0.874957,0.004845,0.1818
19,0.654191,19.78,198.55,0.004451,0.000219,0.001432,6.62,0.007766,0.3971,0.005942,0.008454
20,0.128706,4.55,5780.9,0.004249,0.000119,8.4E-05,0.403212,0.007209,1.19,0.202785,0.000492
21,0.188551,1.62,688.31,0.023524,0.000244,0.000218,0.994436,0.023104,0.282731,0.008481,0.0006
22,0.502876,19.22,293.79,0.056197,0.001047,0.090029,89.54,0.066639,0.353743,0.004649,0.187648
23,0.125879,4.6,352.99,0.004529,0.000221,0.001397,6.57,0.007832,0.865142,0.004891,0.008564
24,0.129953,1.56,196.44,0.004249,0.000119,8.1E-05,0.409797,0.007052,0.377165,0.006842,0.000629
25,0.565562,18.86,5904.83,0.024592,0.000257,0.000205,0.96583,0.023088,1.19,0.203628,0.000709
26,0.125891,4.36,678.3,0.055195,0.001067,0.092723,91.28,0.066945,0.281016,0.008835,0.20475
27,0.668268,1.6,285.3,0.004229,0.000221,0.001438,6.28,0.008011,0.350714,0.004675,0.009225
28,0.138344,18.23,354.7,0.004044,0.000121,8.3E-05,0.426942,0.007384,0.869808,0.004548,0.000396
29,0.1971,4.66,177.32,0.025181,0.00025,0.000213,0.973198,0.022609,0.320949,0.006064,0.000785
30,0.593144,1.61,5750.8,0.056209,0.001164,0.09189,95.9,0.069312,1.21,0.204604,0.178711
31,0.139031,17.45,657.59,0.004468,0.000223,0.001316,6.38,0.008054,0.282868,0.008891,0.009532
32,0.193937,4.88,283.68,0.004341,0.000121,8.4E-05,0.411511,0.00763,0.358372,0.004556,0.000349
33,0.423199,1.62,347.27,0.02558,0.000258,0.000214,0.999458,0.023297,0.858411,0.004719,0.000895
34,0.127417,18.21,186.69,0.050607,0.001106,0.091904,94.87,0.067413,0.339776,0.00686,0.154499
35,0.110109,4.85,5526.64,0.004566,0.000224,0.001513,6.56,0.008109,1.23,0.206644,0.00931
36,0.43313,1.65,653.76,0.004659,0.00012,7.8E-05,0.390841,0.007536,0.285115,0.009065,0.000343
37,0.123655,17.69,281.65,0.026507,0.000268,0.000225,0.990811,0.024029,0.342471,0.004662,0.000861
38,0.203212,4.91,358.35,0.051105,0.00111,0.095152,100.23,0.068486,0.864344,0.005082,0.162415
39,0.394354,1.74,198.23,0.004474,0.000227,0.001525,6.92,0.008775,0.342938,0.008596,0.009124
40,0.122483,19.12,5930.32,0.004715,0.00012,8.6E-05,0.384266,0.007852,1.18,0.196928,0.000346
41,0.204482,4.46,657.07,0.027406,0.000285,0.000222,1.07,0.025472,0.289104,0.009454,0.000981
42,0.395429,1.94,276.5,0.053578,0.001066,0.091713,95.13,0.063232,0.352785,0.004677,0.158236
43,0.13547,18.38,358.42,0.004683,0.000227,0.001483,6.91,0.009866,0.848546,0.005142,0.009331
44,0.373072,4.73,213.62,0.005783,0.000121,7.5E-05,0.388015,0.008015,0.329188,0.007873,0.000376
45,0.119975,1.92,6008.42,0.027486,0.000285,0.000223,1.1,0.024196,1.25,0.204177,0.00097
46,0.379036,17.04,657.29,0.049118,0.001062,0.101455,87.09,0.064574,0.28891,0.008972,0.147956
47,0.133729,4.86,274.02,0.004754,0.000225,0.001426,7.31,0.011397,0.360881,0.004723,0.008227
48,0.374192,1.99,383.16,0.006098,0.000119,7.6E-05,0.395317,0.007629,0.939908,0.005187,0.000342
49,0.146569,16.89,193.76,0.027187,0.00029,0.000219,1.09,0.024854,0.288702,0.006845,0.001102
50,0.358863,4.96,6031.6,0.049041,0.001046,0.084967,87.42,0.066505,1.26,0.211016,0.151192
51,0.123998,1.83,632.83,0.004726,0.00023,0.00138,7.28,0.01169,0.282031,0.009029,0.008522
52,0.362435,16.61,266.27,0.005925,0.00012,7.6E-05,0.380724,0.007744,0.365371,0.004697,0.000376
53,0.116296,5.39,386.48,0.028014,0.000278,0.00021,1.08,0.023959,0.993274,0.005193,0.001086
54,0.384156,1.96,182.21,0.048051,0.001036,0.06897,86.82,0.066919,0.309757,0.006634,0.155174
55,0.124832,17.42,6011.45,0.004935,0.000228,0.001374,6.94,0.011899,1.25,0.210549,0.0086
56,0.367245,4.38,630.86,0.005732,0.000119,7.6E-05,0.387789,0.007996,0.285412,0.009092,0.000314
57,0.114265,2.09,269.46,0.027052,0.000271,0.000207,1.14,0.024738,0.359952,0.004731,0.001059
58,0.330354,17.83,382.85,0.04389,0.000991,0.068558,85.49,0.062372,0.97219,0.005073,0.129247
59,0.116264,4.5,174.61,0.004849,0.000228,0.001347,7.48,0.012086,0.323029,0.0067,0.008466
60,0.331979,2.08,5708.52,0.00581,0.000119,7.5E-05,0.397329,0.008002,1.2,0.21515,0.00031
61,0.120057,16.18,630.52,0.028401,0.000293,0.000209,1.11,0.025575,0.280014,0.008627,0.001078
62,0.3005,4.4,263.44,0.053516,0.001056,0.076141,89.77,0.068444,0.355408,0.005043,0.132149
63,0.116344,1.84,389.55,0.004892,0.000225,0.001461,6.88,0.0115,1.03,0.004949,0.008928
64,0.343694,16.95,172.42,0.005162,0.000119,8E-05,0.387872,0.008056,0.310356,0.007252,0.000339
65,0.116662,4.05,5590.69,0.028591,0.000294,0.000195,1.09,0.025647,1.14,0.21852,0.001124
66,0.333282,1.68,637.96,0.057954,0.001066,0.083028,91.7,0.07969,0.282631,0.00835,0.149823
67,0.112306,21.84,261.64,0.004963,0.000228,0.001548,6.89,0.012672,0.366017,0.004979,0.00919
68,0.382113,20.31,391.44,0.005056,0.000121,8E-05,0.393186,0.008287,1.02,0.004965,0.000341
69,0.120542,21.11,155.96,0.028233,0.000297,0.000187,1,0.025305,0.315039,0.007942,0.001152
70,0.375849,20.33,5605.51,0.060176,0.001056,0.09073,91.19,0.066085,1.21,0.232064,0.15003
71,0.124384,20.31,639.19,0.005048,0.000223,0.001532,7.18,0.013074,0.286269,0.00803,0.009945
72,0.364994,22.01,270.64,0.005019,0.000121,8.6E-05,0.411378,0.008407,0.379944,0.005203,0.000367
73,0.118787,23.54,383.76,0.028926,0.000298,0.000197,0.979703,0.024711,1.02,0.004904,0.001097
74,0.342374,27.17,146.25,0.059119,0.001001,0.077186,91.86,0.063342,0.31005,0.008343,0.150343
75,0.120286,29.05,5725.59,0.004888,0.000233,0.001586,6.76,0.01154,1.27,0.256232,0.00942
76,0.35712,19.8,641.63,0.005039,0.000117,8.4E-05,0.416151,0.008181,0.289794,0.008078,0.000341
77,0.122049,17.36,262.87,0.029076,0.000273,0.000174,0.879503,0.023841,0.374249,0.005398,0.001189
78,0.352319,17.55,382.56,0.053455,0.001024,0.084733,90.41,0.063072,1.03,0.004855,0.152654
79,0.129594,16.97,142.55,0.004854,0.000229,0.00161,7.65,0.012747,0.307908,0.007305,0.008754
80,0.348502,15.94,5678.19,0.005202,0.000118,9.9E-05,0.400312,0.008106,1.28,0.263983,0.000352
81,0.110924,15.43,638.65,0.03018,0.0003,0.000191,0.977628,0.024241,0.294401,0.008146,0.001103
82,0.326237,14.24,254.32,0.061949,0.001108,0.095887,92.96,0.06662,0.375863,0.005399,0.166565
83,0.105792,15.96,394.77,0.005003,0.000234,0.001564,7.95,0.010477,1.06,0.004827,0.008249
84,0.309642,17,145.24,0.005346,0.000121,9.9E-05,0.409928,0.008333,0.299194,0.008051,0.000402
85,0.129138,6.59,5831.79,0.031935,0.000326,0.000212,1.1,0.026453,1.32,0.25732,0.001331
86,0.388379,16.18,640.38,0.078187,0.001085,0.122361,91.54,0.070881,0.292971,0.008767,0.155159
87,0.096274,6.6,251.99,0.004796,0.00023,0.001581,8.3,0.011192,0.37441,0.005418,0.008179
88,0.372352,16.73,400.87,0.005324,0.000123,0.000105,0.409897,0.008202,1.1,0.004872,0.000343
89,0.112345,6.68,140.52,0.03141,0.000334,0.000249,1.19,0.027855,0.355516,0.008489,0.001401
90,0.34654,17.66,5647.21,0.081689,0.001084,0.113442,93.22,0.074751,1.3,0.260489,0.159599
91,0.111649,5.93,636.79,0.004871,0.000233,0.00159,7.36,0.011557,0.294517,0.007982,0.008613
92,0.345672,16.97,249.51,0.006045,0.000122,0.000104,0.404696,0.008262,0.379713,0.005377,0.000364
93,0.111691,7.17,390.41,0.03231,0.000371,0.000257,1.2,0.028308,1.08,0.004784,0.001457
94,0.323176,16.83,138.13,0.13571,0.002079,0.430083,180.14,0.179131,0.407483,0.008412,0.270129
95,0.113577,6.37,5446.91,0.003775,0.000214,0.001052,8.95,0.006275,1.31,0.248414,0.008876
96,0.355496,17.39,636.19,0.00321,0.000128,8.4E-05,0.395225,0.006045,0.292457,0.007949,0.000524
97,0.10876,5.96,245.31,0.019006,0.000242,0.000265,0.567552,0.019224,0.376132,0.00526,0.000474
98,0.328426,17.25,378.55,0.135587,0.00208,0.355778,168.15,0.160994,1.07,0.004858,0.244286
99,0.106801,6.62,135.19,0.003749,0.000217,0.001044,7.6,0.00619,0.40557,0.009382,0.009329
100,0.392189,17.65,4826.48,0.003211,0.00013,8.6E-05,0.401147,0.006056,1.3,0.264439,0.00054
101,0.105492,5.74,641.07,0.020195,0.000243,0.000259,0.565711,0.020046,0.291363,0.008234,0.000369
102,0.336384,17.14,247.05,0.175528,0.002363,0.440084,203.21,0.196383,0.386266,0.005182,0.302831
103,0.098875,6.94,362.3,0.003828,0.000218,0.001001,7.89,0.006259,1.04,0.004753,0.009282
104,0.339668,17.37,130.9,0.003241,0.00013,8.5E-05,0.39204,0.006098,0.395318,0.00897,0.000536
105,0.097165,6.49,4781.99,0.016991,0.000245,0.000276,0.564761,0.018991,1.32,0.260733,0.000384
106,0.29512,16.65,618.99,0.151971,0.001988,0.453855,173.39,0.198885,0.293798,0.007978,0.332173
107,0.107767,5.81,244.94,0.003949,0.000217,0.001025,7.93,0.006096,0.387186,0.005037,0.009208
108,0.329788,16.49,361.56,0.003204,0.000133,8.5E-05,0.386268,0.006261,1.04,0.004871,0.000529
109,0.103524,7.03,130.59,0.016822,0.000243,0.00023,0.55754,0.018799,0.390464,0.009861,0.000348
110,0.319145,15.97,4772.02,0.136213,0.002026,0.549802,163.37,0.165456,1.28,0.251825,0.329155
111,0.090533,6.45,616.75,0.004024,0.000219,0.000993,7.62,0.006218,0.295766,0.007543,0.009651
112,0.307092,11.84,243.93,0.003224,0.000132,8.2E-05,0.404663,0.006617,0.386863,0.004983,0.00053
113,0.103128,9.96,365.03,0.016459,0.000232,0.00024,0.562741,0.018999,1.13,0.004824,0.000355
114,0.311773,9.93,130.69,0.133966,0.002072,0.220855,168.44,0.135114,0.389456,0.009663,0.361207
115,0.091162,10.74,4610.48,0.004037,0.00022,0.000957,7.54,0.006277,1.32,0.279944,0.009513
116,0.285228,9.29,619.11,0.003325,0.00013,8E-05,0.387684,0.006122,0.294155,0.00731,0.000527
117,0.106252,9.39,242.3,0.017449,0.000243,0.000241,0.595471,0.019436,0.375436,0.005031,0.000394
118,0.257976,9.14,352.94,0.13427,0.001908,0.187464,160.03,0.126009,1.05,0.004787,0.21577
119,0.105261,11.4,126,0.004018,0.000218,0.000984,7.81,0.006432,0.4032,0.009451,0.01018
120,0.258812,9.04,4426.89,0.003258,0.000128,7.6E-05,0.390148,0.005817,1.33,0.23861,0.000572
121,0.092682,11.1,617.12,0.016936,0.000248,0.000282,0.53174,0.019785,0.29995,0.007377,0.000433
122,0.249346,8.73,242.97,0.139836,0.001891,0.144707,158.61,0.112254,0.382846,0.005375,0.218445
123,0.092047,10.65,336.19,0.004048,0.000219,0.001028,7.91,0.006547,1.06,0.004765,0.009937
124,0.289654,8.88,126.94,0.003351,0.00013,8E-05,0.391113,0.005907,0.403669,0.00924,0.000522
125,0.098045,11.51,4370.81,0.01667,0.000251,0.000282,0.526897,0.019064,1.23,0.234039,0.000336
126,0.32429,9.03,613.02,0.137132,0.001823,0.143423,165.95,0.126158,0.304065,0.007382,0.23172
127,0.101366,11.63,246.06,0.004017,0.000224,0.001074,7.69,0.006423,0.387116,0.005328,0.009943
128,0.296371,9.33,330.08,0.003307,0.000128,8.8E-05,0.395824,0.006049,1.08,0.00473,0.000546
129,0.102856,12.12,129,0.015981,0.000214,0.000257,0.534829,0.017696,0.4644,0.009819,0.000355
130,0.282982,9.18,4328.41,0.143889,0.001389,0.142193,141.74,0.125854,1.21,0.237016,0.214969
131,0.108422,13.51,612.51,0.004009,0.000222,0.001088,6.8,0.006495,0.305116,0.007435,0.009275
132,0.278097,8.29,240.38,0.003335,0.000131,8.2E-05,0.391906,0.006086,0.372006,0.005008,0.000403
133,0.105762,11.6,320.51,0.015825,0.000209,0.000261,0.53249,0.018013,0.816533,0.004789,0.000361
134,0.304844,8.31,128.55,0.126175,0.001394,0.143053,135.76,0.090254,0.496203,0.009488,0.207189
135,0.105463,12.79,4229.36,0.004071,0.000219,0.000994,6.58,0.006472,1.28,0.214774,0.010111
136,0.325927,8.43,610.2,0.003321,0.000131,7.6E-05,0.389316,0.006026,0.304636,0.007853,0.000405
137,0.105744,14.37,238.26,0.014011,0.00021,0.000248,0.525171,0.017681,0.374779,0.005236,0.00034
138,0.31137,6.9,328.87,0.102424,0.001376,0.123227,129.48,0.077259,0.804042,0.004941,0.210871
139,0.103314,12.53,129.01,0.004141,0.00022,0.00094,6.55,0.006627,0.439924,0.009873,0.00908
140,0.341024,8.08,4317.48,0.003355,0.00013,7.6E-05,0.407052,0.006122,1.24,0.203318,0.000418
141,0.109188,12.66,612.13,0.015328,0.000217,0.000276,0.559003,0.018063,0.30351,0.008089,0.00039
142,0.298018,9.6,238.73,0.100355,0.001373,0.120297,130.8,0.075759,0.374452,0.005517,0.212551
143,0.113903,15.03,359.51,0.004082,0.000218,0.000976,6.72,0.006799,0.824693,0.005023,0.008772
144,0.290564,10,123.63,0.003408,0.000135,7.7E-05,0.415567,0.006231,0.294239,0.009112,0.000366
145,0.11604,12.92,4409.32,0.015293,0.000214,0.000282,0.599073,0.018044,1.25,0.202676,0.000412
146,0.28432,8.37,610.89,0.092466,0.001313,0.11491,126.7,0.06989,0.307292,0.008165,0.194835
147,0.122776,10.31,237.29,0.004152,0.000224,0.000967,6.79,0.006855,0.380398,0.005868,0.008913
148,0.131101,7.75,375.07,0.003418,0.000133,7.9E-05,0.428999,0.006255,0.886952,0.004874,0.000353
149,0.141692,10.17,114.13,0.017036,0.000224,0.000279,0.58478,0.019248,0.284184,0.007862,0.000433
