,agoras-tokens,byteball,bytecoin-bcn,counterparty,emercoin,golem-network-tokens,gulden,iconomi,maidsafecoin,monero,singulardtv,steem,triggers,ubiq,zcash,zclassic
0,0.123882,57.63,3.3E-05,0.756503,0.029582,0.032102,0.001754,0.134057,0.013565,0.395808,0.186167,0.92546,0.03725,1.35,103.64,1.89
1,0.32004,64.74,1.2E-05,3.7,0.008692,0.025888,0.001643,0.961797,0.021839,0.762157,0.195456,0.1057,0.032652,0.061287,99.54,2.01
2,0.129564,63.57,0.001323,7.49,0.472968,0.024192,0.090961,0.136667,0.333423,85.21,0.171534,0.951673,0.032909,0.026942,91.04,2.12
3,0.124018,934.1,5.9E-05,3.88,0.305576,0.025874,0.051852,1.16,0.088006,6.51,0.150396,0.113653,0.03076,0.008986,91.93,2.14
4,0.316608,847.87,3.1E-05,0.936828,0.033571,0.023364,0.001721,1.06,0.01541,0.393922,0.144134,0.940148,0.032789,1.2,90.05,2.41
5,0.134242,799.61,1.3E-05,3.5,0.00861,0.023353,0.001845,1.14,0.021982,0.865496,0.148688,0.115547,0.030323,0.056617,70.26,2.38
6,0.124926,780.58,0.001492,8.28,0.493085,0.019665,0.090032,1.09,0.339187,86.58,0.162869,0.922813,0.025836,0.026488,66.95,2.14
7,0.332059,737.25,5.9E-05,4.11,0.277119,0.019671,0.052697,1.03,0.087985,6.52,0.188568,0.116281,0.02694,0.010471,63.36,1.97
8,0.122581,777.8,3.1E-05,0.846185,0.02816,0.019729,0.001761,1.08,0.015229,0.403236,0.195097,0.82876,0.032435,1.25,64.69,2.24
9,0.346433,757.55,1.4E-05,4.1,0.010501,0.021812,0.002104,1.1,0.023134,0.946716,0.169101,0.122396,0.027098,0.05889,54.54,2.46
10,0.129745,791.26,0.00149,7.61,0.479288,0.022923,0.088982,1.43,0.344082,88.12,0.182112,0.921045,0.025894,0.022314,59.93,1.27
11,0.383951,715.92,5.7E-05,3.67,0.341913,0.023232,0.058624,1.39,0.087238,6.78,0.220807,0.126787,0.022716,0.010937,63.4,1.35
12,0.138114,687.36,3E-05,0.90859,0.02987,0.023828,0.001704,1.09,0.016743,0.394597,0.213843,0.88047,0.02738,1.36,64.59,1.1
13,0.385014,711.71,1.5E-05,4.19,0.009275,0.024417,0.001595,1.03,0.023572,0.957783,0.211729,0.143863,0.02725,0.058632,66.61,0.8904
14,0.13564,755.01,0.001511,8.01,0.522808,0.023513,0.098791,1.07,0.366188,90.54,0.159732,0.988873,0.028472,0.022132,69.22,0.84528
15,0.121266,761.85,5.6E-05,3.81,0.286083,0.023117,0.044623,1.07,0.088589,6.56,0.133213,0.148453,0.024144,0.01125,66.64,1.13
16,0.356915,728.4,3E-05,0.85998,0.033539,0.476923,0.001722,0.868465,0.015775,0.399646,0.148536,0.954058,0.025164,1.21,72.47,0.841467
17,0.135686,652.08,1.3E-05,4.23,0.009571,0.513802,0.001761,0.778123,0.021498,0.950394,0.170227,0.133187,0.025592,0.0593,69.89,0.853693
18,0.120841,643.82,0.001464,8.23,0.54016,0.571109,0.100474,0.747819,0.371025,88.62,0.134846,0.86357,0.025634,0.022243,64.18,0.899513
19,0.654191,640.81,5.1E-05,4.11,0.288742,0.549714,0.037468,0.6727,0.090265,6.62,0.125369,0.151687,0.024603,0.009082,48.27,0.885556
20,0.128706,725.37,3E-05,0.829945,0.029862,0.473199,0.001764,0.716868,0.01742,0.403212,0.124994,0.857927,0.025436,1.16,48.78,0.941144
21,0.188551,646.47,1.4E-05,4.44,0.010518,0.564485,0.002277,0.760461,0.023436,0.994436,0.122348,0.202482,0.029056,0.057815,45.73,1.19
22,0.502876,685.11,0.001404,8.66,0.590423,0.62524,0.097992,0.727118,0.388951,89.54,0.111676,0.873104,0.026243,0.02362,45.12,1.37
23,0.125879,700.37,5.1E-05,4.15,0.3005,0.655915,0.064982,0.784942,0.090953,6.57,0.122864,0.216401,0.033322,0.009575,47.66,1.2
24,0.129953,707.7,3E-05,0.876462,0.021734,0.591251,0.001762,0.698207,0.016784,0.409797,0.116348,0.910312,0.027714,1.19,40.16,2.11
25,0.565562,864.73,1.3E-05,4.25,0.010354,0.604908,0.002021,0.545531,0.024771,0.96583,0.129843,0.136004,0.018106,0.051313,39.72,2.3
26,0.125891,751.8,0.001399,8.89,0.542177,0.648595,0.09666,0.575,0.407457,91.28,0.110957,0.941065,0.019205,0.022845,35.35,2.29
27,0.668268,747.55,5.2E-05,4.23,0.308699,0.725816,0.075009,0.504107,0.093498,6.28,0.11568,0.095061,0.022944,0.007869,36.72,2.38
28,0.138344,805.75,3.1E-05,0.974892,0.029965,0.579051,0.001834,0.50897,0.017625,0.426942,0.104717,0.881441,0.0247,1.17,35.74,2
29,0.1971,777.12,1.3E-05,4.08,0.01015,0.616756,0.001926,0.509019,0.020802,0.973198,0.098108,0.106659,0.018502,0.058137,38.03,2.95
30,0.593144,765.16,0.001452,10.6,0.51983,0.544276,0.100277,0.526819,0.410087,95.9,0.097906,0.883963,0.018,0.021161,40.32,3.08
31,0.139031,635.92,5.7E-05,4.07,0.333347,0.512017,0.045042,0.518069,0.089262,6.38,0.047762,0.122442,0.020284,0.007859,39.44,3.26
32,0.193937,515.06,2.9E-05,0.813917,0.031902,0.508575,0.001726,0.521314,0.01937,0.411511,0.048992,0.950807,0.022766,1.16,41.64,3.05
33,0.423199,463.29,1.4E-05,3.66,0.00578,0.577867,0.002062,0.476756,0.020684,0.999458,0.03954,0.425338,0.0224,0.058275,41.8,2.79
34,0.127417,465.46,0.00141,8.61,0.479483,0.505115,0.101977,0.621117,0.395611,94.87,0.045238,0.925792,0.015139,0.021402,39.67,3.12
35,0.110109,430.61,5.7E-05,4.26,0.342086,0.575122,0.033302,0.610374,0.088719,6.56,0.035928,0.444284,0.018247,0.009284,41.41,3.14
36,0.43313,424.75,3E-05,0.91737,0.02928,0.583557,0.001766,0.649418,0.019557,0.390841,0.035707,0.970867,0.027306,1.15,307.12,3.35
37,0.123655,450.89,1.5E-05,3.85,0.009858,0.534433,0.002146,0.506193,0.023314,0.990811,0.030662,0.450608,0.028716,0.065428,324.38,3.67
38,0.203212,468.03,0.001451,9.24,0.508957,0.533354,0.097805,0.480687,0.390499,100.23,0.035829,0.957411,0.043224,0.02083,342.61,2.85
39,0.394354,479.45,5.7E-05,4.5,0.350395,0.523858,0.030974,0.414353,0.08203,6.92,0.029698,0.484494,0.007373,0.008413,328.65,2.78
40,0.122483,542.21,2.9E-05,0.773332,0.037791,0.525862,0.001946,0.387121,0.019766,0.384266,0.027988,0.819755,0.007589,1.24,304.65,2.66
41,0.204482,556.34,1.5E-05,3.82,0.007261,0.521121,0.002391,0.371319,0.023197,1.07,0.022064,0.514634,0.00701,0.066773,330.04,3.05
42,0.395429,552.63,0.001413,9.28,0.529046,0.479907,0.098901,0.402782,0.389132,95.13,0.02,0.960876,0.00844,0.020656,362.57,3.08
43,0.13547,537.95,5.2E-05,4.46,0.367636,0.462097,0.031025,0.385069,0.082242,6.91,0.018444,0.734062,0.008407,0.00889,385.84,3.57
44,0.373072,528.18,2.8E-05,0.800674,0.03159,0.484566,0.001865,0.411059,0.019765,0.388015,0.016672,1.08,0.00899,1.37,378.56,3.28
45,0.119975,457.77,1.5E-05,3.71,0.007085,0.460203,0.002309,0.355109,0.021864,1.1,0.018111,0.565619,0.010744,0.064465,378.22,3.73
46,0.379036,541,0.001423,8.53,0.627701,0.231489,0.098424,0.297313,0.376612,87.09,0.019662,1.23,0.009395,0.023674,401.2,4.49
47,0.133729,534.81,5.1E-05,4.71,0.408205,0.229773,0.023184,0.272965,0.08259,7.31,0.01727,0.53024,0.013214,0.008453,391.89,3.37
48,0.374192,322.08,2.8E-05,0.824618,0.03091,0.244094,0.001915,0.302591,0.019139,0.395317,0.014649,1.24,0.013263,1.34,376.82,3.77
49,0.146569,392.64,1.5E-05,3.86,0.008328,0.225915,0.002129,0.30499,0.020312,1.09,0.012319,0.444433,0.012811,0.057247,384.86,3.6
50,0.358863,474,0.001455,7.96,0.509334,0.249879,0.099317,0.317716,0.397776,87.42,0.012324,1.14,0.012577,0.022934,387.43,3.62
51,0.123998,515.38,5.1E-05,4.72,0.384028,0.247218,0.019554,0.332025,0.083371,7.28,0.012205,0.428027,0.015236,0.008061,387.34,3.9
52,0.362435,569.07,2.8E-05,0.877211,0.035278,0.250758,0.001793,0.31356,0.019247,0.380724,0.012072,1.3,0.017089,1.2,387.49,4.02
53,0.116296,553.65,1.4E-05,3.51,0.006164,0.295707,0.002246,0.344347,0.019493,1.08,0.011909,0.42044,0.011919,0.062825,368.28,4.04
54,0.384156,555.66,0.001335,7.67,0.495589,0.301858,0.098925,0.374838,0.397485,86.82,0.011489,1.19,0.109906,0.023175,311.49,1.1
55,0.124832,648.58,6.1E-05,4.11,0.37519,0.326748,0.018518,0.300768,0.085325,6.94,0.014489,0.422897,0.117585,0.008341,331.1,1.2
56,0.367245,841.66,2.7E-05,0.868719,0.029018,0.276796,0.001959,0.329151,0.019969,0.387789,0.01408,1.05,0.121639,1.26,328.66,1.28
57,0.114265,854.93,1.4E-05,3.01,0.009762,0.276072,0.002231,0.328727,0.018908,1.14,0.014116,0.34769,0.111695,0.059332,281.13,1.2
58,0.330354,913.4,0.001342,7.85,0.476842,0.239277,0.104183,0.332454,0.390481,85.49,0.013418,0.973278,0.100502,0.023671,272.24,1.33
59,0.116264,909.7,6E-05,4.2,0.385446,0.266971,0.014088,0.337153,0.085231,7.48,0.011973,0.343168,0.146082,0.007777,262.79,1.33
60,0.331979,896.36,2.6E-05,0.822563,0.030761,0.251553,0.001812,0.346964,0.020552,0.397329,0.011209,0.837306,0.185136,1.47,259.36,1.3
61,0.120057,854.66,1.4E-05,3.89,0.01207,0.195743,0.002317,0.307169,0.019171,1.11,0.014083,0.382058,0.207773,0.071291,253.03,1.72
62,0.3005,862.27,0.001291,8.14,0.566119,0.213008,0.112737,0.30418,0.424396,89.77,0.168067,0.802864,0.356915,0.022538,239.52,1.66
63,0.116344,882.73,5.6E-05,4.16,0.391509,0.259216,0.018836,0.304161,0.084889,6.88,0.178381,0.342774,0.076514,0.007354,230,1.92
64,0.343694,600.72,2.5E-05,0.858201,0.031203,0.288043,0.001343,0.347828,0.019634,0.387872,0.197507,0.895444,0.083408,1.57,241.68,1.49
65,0.116662,48.42,1.3E-05,2.91,0.008805,0.317395,0.002251,3.85,0.019295,1.09,0.201823,0.374065,0.078662,0.064479,249.27,1.5
66,0.333282,594.49,0.001301,9.39,0.577399,0.282797,0.114278,4.14,0.461798,91.7,0.167869,0.755364,0.060477,0.023926,176.32,1.34
67,0.112306,49.7,6.1E-05,4.12,0.396443,0.251804,0.014163,4.46,0.083263,6.89,0.193553,0.375596,0.066497,0.005953,175.42,1.25
68,0.382113,713.95,2.6E-05,0.821848,0.036664,0.341728,0.001537,4.22,0.019351,0.393186,0.217824,0.727098,0.080186,1.58,189.29,1.2
69,0.120542,54.8,1.3E-05,3.41,0.008791,0.382831,0.002068,3.69,0.019423,1,0.205547,0.341788,0.079714,0.066659,178.05,0.99936
70,0.375849,741.38,0.001286,9.58,0.593878,0.342022,0.112898,4.05,0.465543,91.19,0.190536,0.744853,0.081195,0.015825,185.9,1.13
71,0.124384,52.99,5.5E-05,4.35,0.393334,0.433511,0.01073,4.42,0.08314,7.18,0.186606,0.264839,0.082316,0.006674,190.08,1.1
72,0.364994,718.46,2.6E-05,0.875042,0.036608,0.460926,0.001612,4.72,0.019241,0.411378,0.199244,0.763039,0.088306,1.61,184.19,1.1
73,0.118787,45.07,1.2E-05,2.92,0.008904,0.480977,0.00204,5.07,0.018499,0.979703,0.204395,0.25223,0.110022,0.067223,206.82,1.22
74,0.342374,723.63,0.001259,9.68,0.593862,0.465082,0.112054,4.73,0.441996,91.86,0.20683,0.85029,0.113924,0.021758,214.42,1.07
75,0.120286,53.68,5.6E-05,4.38,0.390613,0.468033,0.010588,3.99,0.083185,6.76,0.223182,0.255622,0.112106,0.005459,216.1,1.24
76,0.35712,799.57,2.6E-05,0.840871,0.035351,0.442944,0.001722,2.89,0.018633,0.416151,0.214701,0.769989,0.107797,1.68,201.8,1.38
77,0.122049,37.68,1.2E-05,1.86,0.008394,0.466609,0.00194,2.32,0.019144,0.879503,0.211354,0.258957,0.0997,0.069751,206.94,1.55
78,0.352319,823.87,0.001261,9.14,0.59023,0.02841,0.119255,2.33,0.447794,90.41,0.206808,1.03,0.102084,0.023366,181.99,1.63
79,0.129594,37.3,5.5E-05,3.74,0.374819,0.455692,0.008032,1.99,0.086322,7.65,0.233669,0.310248,0.087021,0.006762,199.32,1.79
80,0.348502,714.38,2.8E-05,0.833642,0.030479,0.02926,0.001565,1.89,0.018791,0.400312,0.228099,0.52751,0.036034,1.78,182.51,1.85
81,0.110924,39.51,1.4E-05,1.74,0.007235,0.551352,0.002143,1.95,0.017643,0.977628,0.261975,0.309534,0.038114,0.067304,165.98,1.95
82,0.326237,711.51,0.001266,9.73,0.61193,0.029524,0.116642,2.01,0.459609,92.96,0.251142,0.403037,0.031544,0.021639,160.07,1.92
83,0.105792,38.21,5.5E-05,3.85,0.380865,0.591069,0.007836,1.86,0.084924,7.95,0.291858,0.354715,0.031973,0.007898,177.45,1.75
84,0.309642,719.77,2.8E-05,0.862522,0.034291,0.02928,0.0017,1.9,0.018777,0.409928,0.233817,0.328089,0.063827,1.75,191.15,1.65
85,0.129138,41.48,1.4E-05,1.82,0.008805,0.573883,0.002163,2,0.018771,1.1,0.213678,0.385345,0.065761,0.076746,211.24,116.67
86,0.388379,885.65,0.001317,10.31,0.655255,0.028628,0.129426,2.01,0.447615,91.54,0.195823,0.290931,0.069121,0.023307,178.37,0.846558
87,0.096274,34.91,5.5E-05,4.06,0.388078,0.551466,0.007135,1.91,0.088853,8.3,0.194524,0.421578,0.069576,0.007726,198.73,111.44
88,0.372352,818.06,2.6E-05,0.834402,0.033856,0.029285,0.001679,1.83,0.018406,0.409897,0.180977,0.277054,0.072877,1.59,241.43,0.774101
89,0.112345,35.96,1.5E-05,1.91,0.044253,0.573793,0.002171,1.45,0.020223,1.19,0.193952,0.44371,0.070495,0.060022,248.86,132.78
90,0.34654,856.45,0.001409,10.64,0.692522,0.02682,0.124093,1.35,0.458944,93.22,0.201133,0.273466,0.071527,0.026873,248.73,0.800344
91,0.111649,24.83,6.1E-05,3.65,0.395127,0.617087,0.00706,1.25,0.089,7.36,0.19011,0.402849,0.080683,0.003899,287.81,149.03
92,0.345672,747.95,2.5E-05,0.886126,0.034065,0.027696,0.001731,1.29,0.018614,0.404696,0.099893,0.267405,0.082722,1.49,283.01,0.827619
93,0.111691,22.28,1.6E-05,1.97,0.009582,0.585899,0.00213,1.23,0.020142,1.2,0.102539,0.46598,0.084376,0.066155,282.21,155.36
94,0.323176,683.07,0.001596,21.5,0.938631,0.027077,0.087566,1.19,0.472199,180.14,0.091431,0.17235,0.075019,0.025655,291.56,0.799989
95,0.113577,20.87,5.1E-05,2.27,0.198667,0.572049,0.039043,3.12,0.070998,8.95,0.097625,0.162995,0.079694,0.004107,301.88,146.15
96,0.355496,856.07,2.5E-05,0.761689,0.044208,0.023054,0.001615,3.05,0.012467,0.395225,0.107523,0.159343,0.072181,1.93,290.37,0.831166
97,0.10876,20.55,7E-06,5.74,0.904582,0.622448,0.001459,3.08,0.02785,0.567552,0.115987,0.171042,0.063063,0.064851,397.88,147.05
98,0.328426,956.87,0.001573,21.91,0.178465,0.023005,0.088495,3,0.456551,168.15,0.112664,0.155637,0.063078,0.023822,39.52,0.823663
99,0.106801,21.03,4E-05,2.29,0.049046,0.752239,0.038048,3.19,0.071512,7.6,0.140328,0.169063,0.05394,0.004909,383.47,116.27
100,0.392189,1187.1,2.6E-05,0.819114,0.008469,0.019519,0.001586,2.95,0.013174,0.401147,0.14864,0.180641,0.056549,1.59,39.98,0.892687
101,0.105492,21.26,7E-06,5.38,0.978103,0.70077,0.001479,3.02,0.026924,0.565711,0.137441,0.149915,0.063339,0.067291,448.62,104.41
102,0.336384,1002.91,0.001768,29.04,0.182955,0.017804,0.09423,3.94,0.558838,203.21,0.119409,0.159054,0.071079,0.0247,38.67,0.926911
103,0.098875,18.51,4.4E-05,2.36,0.046558,0.653036,0.038503,3.04,0.07206,7.89,0.117074,0.167159,0.076137,0.00475,471.99,107.57
104,0.339668,704.53,2.6E-05,0.78522,0.008282,0.017882,0.001524,3.05,0.012961,0.39204,0.103334,0.160195,0.068397,1.59,38.2,0.929298
105,0.097165,20.05,8E-06,5.43,1.02,0.645019,0.00151,2.67,0.025279,0.564761,0.108202,0.192157,0.072776,0.064293,451.69,126.14
106,0.29512,803.14,0.00175,25.77,0.176627,0.017446,0.095291,2.64,0.494142,173.39,0.107195,0.198072,0.101364,0.024504,38.22,1.02
107,0.107767,23.41,4.4E-05,2.51,0.045926,0.681455,0.038778,2.11,0.070258,7.93,0.086313,0.176617,0.090422,0.004213,456.94,166.19
108,0.329788,777.4,2.5E-05,0.797614,0.010905,0.014841,0.001564,2.5,0.012663,0.386268,0.090036,0.127892,0.105231,1.41,38.52,1.07
109,0.103524,24.38,7E-06,5.67,0.878238,0.975621,0.001586,2.24,0.028579,0.55754,0.099861,0.095903,0.113939,0.066257,472.97,149.5
110,0.319145,725.36,0.001679,19.93,0.171072,0.016303,0.090219,1.62,0.454489,163.37,0.11274,0.07874,0.113631,0.024622,40.15,1.05
111,0.090533,24.6,4.4E-05,2.22,0.045387,0.913869,0.040627,1.69,0.070215,7.62,0.12567,0.083931,0.119338,0.004282,451.73,141.43
112,0.307092,778.44,2.6E-05,0.855073,0.009945,0.016483,0.00157,1.99,0.012508,0.404663,0.110635,0.086399,0.124472,1.31,41.41,0.999183
113,0.103128,22.71,7E-06,6.12,0.836824,0.966393,0.001395,2.3,0.029013,0.562741,0.116678,0.072172,0.108918,0.061635,442,127.3
114,0.311773,844.86,0.001641,19.33,0.184032,0.017285,0.090413,2.39,0.478385,168.44,0.150954,0.07233,0.100673,0.022403,42.85,0.939071
115,0.091162,16.87,5E-05,2.11,0.042404,0.915543,0.039732,2.13,0.069428,7.54,0.160156,0.072682,1.86,0.00457,446.79,145.68
116,0.285228,754.35,2.4E-05,0.86095,0.009008,0.016359,0.001477,2.43,0.011937,0.387684,0.143473,0.081502,0.006424,1.3,43.31,0.746813
117,0.106252,19.25,8E-06,6.32,0.786251,0.813864,0.001438,3.08,0.029519,0.595471,0.162304,0.080591,1.91,0.071837,487.02,192.11
118,0.257976,853.51,0.001582,17.18,0.173763,0.013843,0.086584,3.1,0.455804,160.03,0.181599,0.091083,0.005605,0.02261,43.51,0.795483
119,0.105261,25.4,4.4E-05,2.05,0.043215,0.942575,0.039466,3.05,0.071655,7.81,0.184348,0.096384,2.25,0.005274,557.6,202.68
120,0.258812,819.77,2.4E-05,0.903269,0.008669,0.014504,0.001417,3.54,0.011637,0.390148,0.182072,0.099061,0.004827,1.33,43.65,0.850386
121,0.092682,26.1,8E-06,6.78,0.766538,1.07,0.001483,3.68,0.027914,0.53174,0.175942,0.09534,2.51,0.069499,524.34,224.14
122,0.249346,813.8,0.001758,15.8,0.172551,0.012503,0.085051,3.68,0.467958,158.61,0.161644,0.090665,0.004755,0.010634,44.25,0.593843
123,0.092047,20.95,4.9E-05,2.17,0.045131,1.09,0.04016,3.43,0.073617,7.91,0.213433,0.094939,2.53,0.004941,490.08,169.5
124,0.289654,779.03,2.4E-05,0.775097,0.006657,0.011161,0.001481,3.58,0.011954,0.391113,0.013295,0.097724,0.005178,1.34,43.92,0.512988
125,0.098045,20.96,8E-06,6.99,0.813353,1.08,0.001426,3.36,0.030264,0.526897,0.217956,1.66,2.46,0.076088,496.82,167.44
126,0.32429,66.08,0.001558,14.12,0.174462,0.011914,0.086644,2.38,0.424966,165.95,0.012996,0.273518,0.00546,0.024891,44.68,0.377319
127,0.101366,73.98,4.5E-05,2.09,0.04717,1.03,0.043597,0.40742,0.072075,7.69,0.267043,1.75,2.69,0.005192,513.66,169.11
128,0.296371,79.22,2.4E-05,0.779733,0.006028,0.011371,0.001456,2.43,0.012505,0.395824,0.014477,0.229878,0.005409,1.31,43.46,0.370099
129,0.102856,79.37,8E-06,6.66,0.763634,0.949392,0.001366,0.386489,0.027329,0.534829,0.271504,1.92,2.65,0.077332,627.99,175.87
130,0.282982,59.86,0.001302,13.82,0.177422,0.01082,0.087012,2.76,0.409268,141.74,0.015769,0.234085,0.003196,0.02508,45.15,0.351785
131,0.108422,66.5,5.1E-05,2.22,0.046777,1.09,0.042874,0.396057,0.073602,6.8,0.276891,1.78,2.75,0.005645,675.76,196.64
132,0.278097,61.29,2.6E-05,0.83189,0.010525,0.012581,0.001495,2.95,0.012425,0.391906,0.014834,0.206546,0.003668,1.24,43.64,0.358406
133,0.105762,56.4,9E-06,7.28,0.772745,1.08,0.001413,0.390797,0.026853,0.53249,0.282126,1.8,2.67,0.075129,701.58,228.43
134,0.304844,57.78,0.001281,14.78,0.185541,0.010772,0.087652,2.49,0.388147,135.76,0.013821,0.19786,0.00447,0.025464,43.21,0.335189
135,0.105463,66.02,4.4E-05,2.21,0.04584,1.09,0.040285,0.388732,0.07064,6.58,0.28824,1.89,2.97,0.005531,700.81,193.25
136,0.325927,68.54,2.5E-05,0.815203,0.008586,0.009863,0.001678,2.53,0.011921,0.389316,0.012964,0.226911,0.006231,1.28,42.81,0.331028
137,0.105744,70.25,9E-06,6.47,0.747314,0.932031,0.001699,0.385969,0.025521,0.525171,0.306266,2.06,3.7,0.071141,646.6,122.42
138,0.31137,75.92,0.001293,15.34,0.182146,0.009868,0.085848,2.67,0.396127,129.48,0.01256,0.242289,0.006176,0.024469,40.05,0.372201
139,0.103314,73.55,5.3E-05,2.25,0.04675,0.022814,0.043547,0.377076,0.068804,6.55,0.253155,2.17,3.46,0.006297,721.4,99.69
140,0.341024,66.97,2.6E-05,0.799635,0.009181,0.021789,0.001387,2.37,0.013783,0.407052,0.01129,0.2828,0.006404,1.33,45.66,0.421588
141,0.109188,74.3,9E-06,6.67,0.722925,0.023706,0.001522,0.383004,0.027898,0.559003,0.249317,2.01,3.29,0.067586,672.78,108.25
142,0.298018,68.34,0.001261,16.19,0.187801,0.024267,0.086302,2.25,0.393192,130.8,0.011859,0.207594,0.004805,0.025191,46.1,0.407882
143,0.113903,471.74,5.8E-05,2.24,0.047364,0.023797,0.044198,0.403361,0.068688,6.72,0.256594,1.98,3.14,0.006299,695.49,92.89
144,0.290564,51.24,2.7E-05,0.883393,0.007639,0.024034,0.001562,2.24,0.015368,0.415567,0.011504,0.223794,0.005027,1.24,46.11,0.409965
145,0.11604,521.66,9E-06,7.2,0.72601,0.028473,0.001505,0.395322,0.026603,0.599073,0.332804,2.04,3.1,0.059502,880.76,102.3
146,0.28432,70.39,0.001202,15.09,0.196701,0.021683,0.082062,2.58,0.382131,126.7,0.011743,0.304109,0.005071,0.025031,47.38,0.392851
147,0.122776,535.09,5.2E-05,2.37,0.045927,0.023708,0.046484,0.39604,0.074344,6.79,0.24994,2.12,5.13,0.006315,764.26,0.879913
148,0.131101,70.8,2.7E-05,0.898641,0.009302,0.02882,0.001577,3.06,0.015197,0.428999,0.0119,0.335555,0.005399,1.22,47.46,0.702599
149,0.141692,441.13,1E-05,7.75,0.738391,0.037937,0.001496,0.386986,0.028523,0.58478,0.217992,2,3.37,0.057634,588.86,0.456431
