,augur,bitbay,blocknet,counterparty,emercoin,ethereum,factom,gamecredits,ion,nem,nexus,paccoin,siacoin,steem,stratis,supernet-unity,tether,ubiq,verge
0,1.53,0.024302,21.48,0.756503,0.029582,303.46,0.113121,0.015262,1.13,0.214811,1.59,3.1E-09,0.004701,0.92546,3.31,1.71,0.998625,1.35,1.3E-05
1,25.12,0.00054,0.231354,3.7,0.008692,11.79,19.58,1.8E-05,0.099608,0.004547,0.025881,6.5E-09,0.000454,0.1057,0.096157,3.67,1,0.061287,0.005251
2,4.52,0.000184,0.057902,7.49,0.472968,0.634963,2.3,2.03,1.09,0.000109,0.001315,4.3E-07,3.5E-05,0.951673,3.73,30.22,1,0.026942,2.5E-05
3,1.59,0.024013,21.55,3.88,0.305576,299.87,0.095616,0.161984,0.098671,0.209909,1.54,3.4E-09,0.004212,0.113653,0.10669,2.37,0.999441,0.008986,1.2E-05
4,21.13,0.000545,0.253701,0.936828,0.033571,11.76,23.66,0.013684,1.07,0.003546,0.025683,6.4E-09,0.000452,0.940148,3.61,1.62,1,1.2,0.005163
5,4.68,0.000186,0.042175,3.5,0.00861,0.627857,2.22,2.7E-05,0.085697,0.000112,0.001308,4.5E-07,2.9E-05,0.115547,0.107251,3.78,1,0.056617,1.9E-05
6,1.6,0.025363,18.9,8.28,0.493085,297.39,0.089345,1.92,0.937964,0.194931,1.28,3.3E-09,0.00421,0.922813,3.22,30.95,0.99978,0.026488,1.4E-05
7,20.99,0.000553,0.238367,4.11,0.277119,12.05,22.88,0.171517,1.07,0.003877,0.028057,6.5E-09,0.000452,0.116281,0.08569,2.24,1,0.010471,0.005643
8,4.53,0.000179,0.055802,0.846185,0.02816,0.650628,2.19,0.012292,0.087211,0.000117,0.001322,4.1E-07,3.2E-05,0.82876,2.88,1.76,1,1.25,2.6E-05
9,1.58,0.024456,21.64,4.1,0.010501,308.61,0.090678,3.1E-05,1.06,0.194807,1.38,2.5E-09,0.004163,0.122396,0.086053,4.09,0.998442,0.05889,1.4E-05
10,20.2,0.000531,0.230664,7.61,0.479288,12.22,22.91,1.93,0.087315,0.003955,0.028786,7E-09,0.000449,0.921045,3.3,28.65,1,0.022314,0.005538
11,4.63,0.000194,0.043942,3.67,0.341913,0.621716,2.21,0.165903,1.26,0.000118,0.001382,4.3E-07,3.1E-05,0.126787,0.087435,2.54,1,0.010937,2.5E-05
12,1.59,0.031142,23.57,0.90859,0.02987,311.12,0.100141,0.012768,0.088246,0.212189,1.38,3.2E-09,0.004606,0.88047,3.2,1.79,0.99932,1.36,1.4E-05
13,19.74,0.000602,0.234213,4.19,0.009275,12.67,23.34,3.8E-05,1.11,0.004019,0.027777,7.1E-09,0.000452,0.143863,0.067969,4.5,1,0.058632,0.00569
14,4.13,0.000187,0.04238,8.01,0.522808,0.609388,2.23,1.82,0.12062,0.000136,0.001336,5E-07,2.7E-05,0.988873,3.75,34.18,1,0.022132,2.5E-05
15,1.64,0.030956,23.91,3.81,0.286083,308.59,0.09099,0.181304,1.06,0.211324,1.5,3.3E-09,0.004635,0.148453,0.064787,2.66,1,0.01125,1.2E-05
16,19.26,0.000625,0.248515,0.85998,0.033539,12.85,22.12,0.010906,0.119399,0.004399,0.030308,7E-09,0.000454,0.954058,3.53,1.68,1,1.21,0.005322
17,4.48,0.000188,0.039905,4.23,0.009571,0.650645,2.22,3.9E-05,1.04,0.000123,0.001407,4.8E-07,2.7E-05,0.133187,0.069018,4.5,1,0.0593,2.5E-05
18,1.64,0.028969,24.88,8.23,0.54016,295.86,0.102415,1.81,0.120905,0.211072,1.56,3.3E-09,0.004626,0.86357,3.02,30.11,1,0.022243,1.2E-05
19,19.78,0.000677,0.255432,4.11,0.288742,13.04,21.84,0.17924,1.08,0.004336,0.031693,6.2E-09,0.000457,0.151687,0.059499,2.81,1,0.009082,0.006411
20,4.55,0.000192,0.045691,0.829945,0.029862,0.628643,2.3,0.011619,0.119496,0.000119,0.001295,3.6E-07,2.9E-05,0.857927,3.01,1.83,1,1.16,2.5E-05
21,1.62,0.031632,19.87,4.44,0.010518,292.66,0.112181,3.9E-05,1.13,0.218456,1.61,3.4E-09,0.004751,0.202482,0.052001,4.31,1,0.057815,1.2E-05
22,19.22,0.000677,0.261761,8.66,0.590423,13.28,22.92,1.91,0.119431,0.004256,0.018988,5.9E-09,0.000465,0.873104,3.04,29.95,1,0.02362,0.006633
23,4.6,0.000188,0.051768,4.15,0.3005,0.668379,2.24,0.176586,1.14,0.000122,0.001277,3.3E-07,2.9E-05,0.216401,0.052485,2.96,1,0.009575,2.5E-05
24,1.56,0.025868,19.13,0.876462,0.021734,292.46,0.109375,0.012126,0.116906,0.22274,1.67,3.3E-09,0.004832,0.910312,2.99,1.84,1,1.19,1.2E-05
25,18.86,0.000674,0.290975,4.25,0.010354,13.45,19.79,7.3E-05,1.01,0.004285,0.033248,6.3E-09,0.00047,0.136004,0.051577,4.56,0.999998,0.051313,0.006261
26,4.36,0.000187,0.045499,8.89,0.542177,0.687171,2.24,1.93,0.118269,0.000127,0.001275,2.4E-07,2.6E-05,0.941065,3.13,28.22,1,0.022845,2.5E-05
27,1.6,0.028466,18.94,4.23,0.308699,297.48,0.10699,0.159036,1.1,0.231441,1.67,3.8E-09,0.005134,0.095061,0.048739,2.58,1,0.007869,1.5E-05
28,18.23,0.000673,0.305042,0.974892,0.029965,13.2,19.39,0.012724,0.140155,0.004311,0.032112,6.6E-09,0.00046,0.881441,2.88,1.83,0.999998,1.17,0.006353
29,4.66,0.000176,0.045355,4.08,0.01015,0.678574,2.21,3.4E-05,0.372429,0.000149,0.001353,3.1E-07,2.8E-05,0.106659,0.054034,4.69,1,0.058137,2.4E-05
30,1.61,0.030939,19.03,10.6,0.51983,302.34,0.103095,1.97,0.381423,0.24618,1.83,3.6E-09,0.004901,0.883963,3.08,31,0.999924,0.021161,1.7E-05
31,17.45,0.000678,0.257705,4.07,0.333347,13.17,18.88,0.160484,0.446017,0.004386,0.036655,6.6E-09,0.000469,0.122442,0.055675,2.53,1,0.007859,0.006685
32,4.88,0.000182,0.047619,0.813917,0.031902,0.690215,2.27,0.014084,0.417693,0.000175,0.001364,3.1E-07,2.9E-05,0.950807,5.09,1.84,1,1.16,2.4E-05
33,1.62,0.04792,21.29,3.66,0.00578,447.11,0.10271,3.6E-05,0.412161,0.226677,1.4,3.8E-09,0.005456,0.425338,5.87,4.47,1.01,0.058275,1.6E-05
34,18.21,0.001104,0.195544,8.61,0.479483,8.59,18.55,1.66,0.438437,0.003717,0.02762,7E-09,0.000224,0.925792,3.76,2.57,1,0.021402,0.00726
35,4.85,0.000209,0.028249,4.26,0.342086,0.873119,2.28,0.143721,0.456582,0.000106,0.001362,3.4E-07,1.9E-05,0.444284,3.12,1.87,1,0.009284,2.4E-05
36,1.65,0.000867,0.052942,0.91737,0.02928,427.52,0.103726,0.00971,0.514667,0.218286,1.14,4.5E-09,0.005427,0.970867,2.68,4.51,0.990606,1.15,1.5E-05
37,17.69,0.050432,20.54,3.85,0.009858,8.17,18.38,4E-05,0.475673,0.003754,0.027545,9.7E-09,0.000236,0.450608,3.03,3.18,1,0.065428,0.00721
38,4.91,0.001215,0.201248,9.24,0.508957,0.878614,2.15,1.8,0.50451,0.000104,0.001241,3.4E-07,1.9E-05,0.957411,2.67,1.89,1,0.02083,2.5E-05
39,1.74,0.000214,0.042095,4.5,0.350395,472.9,0.113416,0.141051,0.365944,0.248682,1.3,3.6E-09,0.006481,0.484494,3,4.35,1,0.008413,1.7E-05
40,19.12,0.000902,0.049584,0.773332,0.037791,8.72,19.05,0.005681,0.350788,0.003747,0.029527,1.1E-08,0.000233,0.819755,2.99,33.39,1,1.24,0.005612
41,4.46,0.071661,24.03,3.82,0.007261,0.915703,2.1,3.9E-05,0.349007,0.000107,0.001185,3.5E-07,1.8E-05,0.514634,1.95,2.58,1,0.066773,2.2E-05
42,1.94,0.001208,0.1992,9.28,0.529046,480.36,0.107471,1.89,0.381608,0.226282,1.43,4.4E-09,0.006325,0.960876,2.11,1.85,1,0.020656,2.2E-05
43,18.38,0.000198,0.047914,4.46,0.367636,9,19.37,0.114978,0.372819,0.003671,0.028269,1.2E-08,0.000244,0.734062,2.01,4.27,1,0.00889,4E-06
44,4.73,0.000909,0.052638,0.800674,0.03159,0.867951,2.12,0.010915,0.392588,9.3E-05,0.001147,2.8E-07,1.4E-05,1.08,1.66,33.49,1,1.37,0.005435
45,1.92,0.077148,25.19,3.71,0.007085,471.33,0.124628,5.3E-05,0.422212,0.213886,1.44,3.8E-09,0.005588,0.565619,1.41,2.71,1.01,0.064465,2.2E-05
46,17.04,0.001153,0.232619,8.53,0.627701,9.33,17.86,1.95,0.416162,0.003668,0.028189,1.1E-08,0.000244,1.23,1.26,1.79,1,0.023674,1.5E-05
47,4.86,0.000208,0.031679,4.71,0.408205,0.884183,2.18,0.115696,0.434862,0.000111,0.001146,2.9E-07,2.1E-05,0.53024,1.24,4.37,1,0.008453,4E-06
48,1.99,0.000887,0.051888,0.824618,0.03091,466.28,0.112962,0.011772,0.441776,0.218506,1.54,4.4E-09,0.005387,1.24,1.2,35.44,1.01,1.34,0.00633
49,16.89,0.078319,23.25,3.86,0.008328,9.4,16.81,4.7E-05,0.425984,0.003592,0.034489,1.2E-08,0.000255,0.444433,1.28,2.59,1,0.057247,1.6E-05
50,4.96,0.000961,0.215608,7.96,0.509334,0.863537,2.14,1.93,0.496456,0.000108,0.00108,3.1E-07,2E-05,1.14,1.25,1.84,1,0.022934,1.7E-05
51,1.83,0.000212,0.030899,4.72,0.384028,474.91,0.134674,0.118123,0.515271,0.209109,1.63,4.3E-09,0.005052,0.428027,1.26,4.6,1,0.008061,4E-06
52,16.61,0.000956,0.052784,0.877211,0.035278,9.23,16.18,0.011914,0.53841,0.003606,0.034846,9E-09,0.000245,1.3,1.32,37.73,1,1.2,0.006534
53,5.39,0.056171,23.42,3.51,0.006164,0.900191,2.24,6.9E-05,0.567993,1E-04,0.001053,3.1E-07,2.2E-05,0.42044,1.26,2.85,1,0.062825,2.2E-05
54,1.96,0.000978,0.213996,7.67,0.495589,410.17,0.119848,1.85,0.526508,0.201437,1.44,4.1E-09,0.005275,1.19,1.13,1.82,0.994631,0.023175,1.4E-05
55,17.42,0.000199,0.028111,4.11,0.37519,9.84,19.98,0.116793,0.512737,0.003707,0.037359,9.6E-09,0.000272,0.422897,1.18,5.38,1,0.008341,4E-06
56,4.38,0.000972,0.057681,0.868719,0.029018,0.946969,2.23,0.011771,0.426857,0.000106,0.001066,3.4E-07,1.9E-05,1.05,1.18,42.02,1,1.26,0.006802
57,2.09,0.050264,21.57,3.01,0.009762,380.65,0.112046,6.2E-05,0.495645,0.203891,1.02,4.4E-09,0.005391,0.34769,1.2,2.64,1,0.059332,2.2E-05
58,17.83,0.000816,0.232952,7.85,0.476842,9.91,17.54,1.87,0.451306,0.00376,0.035877,9.4E-09,0.000279,0.973278,1.2,1.83,1,0.023671,1.4E-05
59,4.5,0.000187,0.04262,4.2,0.385446,0.968018,2.16,0.117812,0.496427,1E-04,0.001118,3.2E-07,2.6E-05,0.343168,1.16,5.52,1,0.007777,3E-06
60,2.08,0.001033,0.051779,0.822563,0.030761,360.4,0.130878,0.011701,0.409292,0.202712,1.01,3.8E-09,0.004412,0.837306,1.04,59.47,0.996047,1.47,0.005604
61,16.18,0.047164,21.17,3.89,0.01207,9.62,21.28,3.9E-05,0.367984,0.003937,0.035292,6.3E-08,0.000276,0.382058,0.812072,2.15,1,0.071291,2.2E-05
62,4.4,0.000925,0.245848,8.14,0.566119,0.97614,2.32,2.23,0.375949,0.000103,0.001124,1E-08,2.3E-05,0.802864,0.747317,0.77647,1,0.022538,1.6E-05
63,1.84,0.000197,0.032865,4.16,0.391509,366.73,0.129097,0.120035,0.376984,0.213041,1.01,6.4E-08,0.004286,0.342774,0.198193,3.81,1,0.007354,3E-06
64,16.95,0.001049,0.050279,0.858201,0.031203,9.58,16.99,0.011134,0.363426,0.003943,0.030157,1.2E-08,0.000278,0.895444,0.198118,44.96,1,1.57,0.00543
65,4.05,0.05036,21.94,2.91,0.008805,0.92492,2.55,7E-06,0.320827,0.000113,0.001037,5.2E-08,2.6E-05,0.374065,0.203608,2.5,1,0.064479,2.2E-05
66,1.68,0.00081,0.215691,9.39,0.577399,354.39,0.121003,2.4,0.304645,0.201947,1.03,1.2E-08,0.004267,0.755364,0.179755,0.865213,1,0.023926,1.1E-05
67,21.84,0.000198,0.041879,4.12,0.396443,9.66,16.54,0.122251,0.36012,0.003993,0.033779,6.3E-08,0.000286,0.375596,0.173743,3.66,1,0.005953,4E-06
68,20.31,0.001058,0.0475,0.821848,0.036664,0.955532,2.56,0.01155,0.25029,0.000111,0.001138,9.6E-09,2E-05,0.727098,0.187084,49.06,1,1.58,0.005385
69,21.11,0.043706,20.82,3.41,0.008791,347.61,0.141707,7E-06,0.232731,0.196271,1.08,4E-08,0.004058,0.341788,0.131945,2.4,1,0.066659,2.2E-05
70,20.33,0.000667,0.203771,9.58,0.593878,9.48,16.09,2.32,0.207277,0.004008,0.033815,9.1E-09,0.000287,0.744853,0.114551,0.853698,1,0.015825,1E-05
71,20.31,0.000202,0.030401,4.35,0.393334,0.993319,2,0.11749,0.186546,0.000109,0.001157,4.6E-08,2.3E-05,0.264839,0.13146,3.25,1,0.006674,4E-06
72,22.01,0.001083,0.046564,0.875042,0.036608,332.39,0.11983,0.011266,0.16141,0.192635,1.06,9.4E-09,0.004014,0.763039,0.135158,66.15,1,1.61,0.005755
73,23.54,0.046022,22.25,2.92,0.008904,9.99,14.31,6E-06,0.165549,0.004021,0.032367,4.6E-08,0.000295,0.25223,0.137328,2.4,1,0.067223,2.3E-05
74,27.17,0.000599,0.198597,9.68,0.593862,1.01,2.07,2.51,0.176092,9.7E-05,0.001196,1E-08,2.3E-05,0.85029,0.125509,0.942253,1,0.021758,1E-05
75,29.05,0.000196,0.022089,4.38,0.390613,330.92,0.096604,0.11863,0.198649,0.196787,0.926765,5.1E-08,0.00405,0.255622,0.1098,3.38,1,0.005459,4E-06
76,19.8,0.000957,0.04695,0.840871,0.035351,10.06,14.15,0.011939,0.194889,0.003992,0.031861,9.5E-09,0.000295,0.769989,0.09475,54.08,1,1.68,0.006059
77,17.36,0.050938,23.3,1.86,0.008394,0.928962,2.05,2.54,0.20496,0.000129,0.001085,6.8E-08,2E-05,0.258957,0.098099,2.35,1,0.069751,2.2E-05
78,17.55,0.000661,0.195914,9.14,0.59023,333.36,0.101837,0.122851,0.202946,0.193879,0.984043,9.4E-09,0.004143,1.03,0.091484,0.94303,1,0.023366,1E-05
79,16.97,0.000197,0.018722,3.74,0.374819,10.22,14.53,0.013822,0.192905,0.004192,0.030506,4.6E-08,0.000314,0.310248,0.095897,3.44,1,0.006762,4E-06
80,15.94,0.001011,0.050176,0.833642,0.030479,0.906368,2.02,7E-06,0.202654,0.000112,0.001259,8.9E-09,2.2E-05,0.52751,0.100155,30.26,1,1.78,0.005693
81,15.43,0.042836,22.09,1.74,0.007235,337.63,0.112904,2.43,0.18666,0.194469,0.970011,3E-08,0.004163,0.309534,0.102315,2.52,1.01,0.067304,2.2E-05
82,14.24,0.000649,0.197718,9.73,0.61193,9.97,11.63,0.11572,0.209115,0.004256,0.029582,9.2E-09,0.000324,0.403037,0.092499,0.943463,1,0.021639,1.3E-05
83,15.96,0.000203,0.02554,3.85,0.380865,0.888812,1.93,0.014605,0.222387,0.000121,0.001111,3.4E-08,2.3E-05,0.354715,0.082104,3.48,1,0.007898,4E-06
84,17,0.000923,0.049833,0.862522,0.034291,316.72,0.126416,8E-06,0.250251,0.192662,0.957763,1E-08,0.003976,0.328089,0.078365,25.23,1.01,1.75,0.006125
85,6.59,0.048995,20.74,1.82,0.008805,10.1,12.57,2.41,0.212881,0.004647,0.029269,3E-08,0.000321,0.385345,0.080876,2.75,1,0.076746,2.3E-05
86,16.18,0.000557,0.192784,10.31,0.655255,0.904096,2.01,0.119565,0.224078,0.000128,0.000977,9.3E-09,2.4E-05,0.290931,0.077563,0.901964,1,0.023307,1.5E-05
87,6.6,0.000208,0.035552,4.06,0.388078,307.91,0.132714,0.014963,0.226868,0.180406,0.860242,2.9E-08,0.003753,0.421578,0.086668,3.56,1.01,0.007726,4E-06
88,16.73,0.000872,0.050482,0.834402,0.033856,9.88,12.33,1.2E-05,0.237977,0.004773,0.021709,9.5E-09,0.00033,0.277054,0.093419,22.78,1,1.59,0.006091
89,6.68,0.063566,21.22,1.91,0.044253,0.895711,0.834222,1.94,0.295401,0.000132,0.001037,1.9E-08,2.4E-05,0.44371,0.097159,2.64,1,0.060022,2.3E-05
90,17.66,0.000605,0.1984,10.64,0.692522,314.68,11.54,0.186907,0.278058,0.192428,1.04,9.8E-09,0.004386,0.273466,0.095387,0.979057,1.01,0.026873,1E-05
91,5.93,0.000206,0.028601,3.65,0.395127,10.29,0.856889,0.0189,0.909222,0.004867,0.022223,1.9E-08,0.000321,0.402849,0.099876,3.31,1,0.003899,4E-06
92,16.97,0.001047,0.048357,0.886126,0.034065,0.791829,12.75,0.000374,0.214795,0.000127,0.000949,1E-08,2.5E-05,0.267405,0.098469,35.68,1,1.49,0.0061
93,7.17,0.043667,22.66,1.97,0.009582,299.25,0.816321,1.82,1.11,0.192903,1.03,1.7E-08,0.004225,0.46598,0.085343,2.54,1.01,0.066155,2.2E-05
94,16.83,0.000613,0.20254,21.5,0.938631,10.52,12.62,0.184994,0.223635,0.004159,0.020644,9.2E-09,0.000316,0.17235,6.3,1.02,0.999997,0.025655,1E-05
95,6.37,0.000195,0.01766,2.27,0.198667,0.934348,0.751327,0.017741,1.34,0.000132,0.001343,2E-08,2.7E-05,0.162995,6.59,3.21,1,0.004107,4E-06
96,17.39,0.026324,0.046554,0.761689,0.044208,320.88,11.79,3E-05,0.20704,0.220927,1.15,1E-08,0.005046,0.159343,6.97,54.15,1.01,1.93,0.00637
97,5.96,0.000606,21.8,5.74,0.904582,10.66,0.830785,2.12,1.02,0.003923,0.022648,1.5E-08,0.000324,0.171042,6.68,2.52,1,0.064851,2.2E-05
98,17.25,0.000202,0.207666,21.91,0.178465,0.999278,11.91,0.18075,0.203129,0.000152,0.001335,9.9E-09,3E-05,0.155637,6.36,1.07,1,0.023822,1.4E-05
99,6.62,0.023514,0.020471,2.29,0.049046,309.07,0.910024,0.01754,0.598173,0.194292,1.09,1.6E-08,0.003962,0.169063,7.08,3.26,1.01,0.004909,5E-06
100,17.65,0.000618,0.05821,0.819114,0.008469,10.83,12.24,5.3E-05,0.207685,0.004125,0.019923,9.3E-09,0.000341,0.180641,7.69,53.16,1,1.59,0.006539
101,5.74,0.000205,22.57,5.38,0.978103,1.03,0.960703,2.13,0.640135,0.000141,0.0014,1.9E-08,3E-05,0.149915,8.35,2.29,1,0.067291,2.1E-05
102,17.14,0.020874,0.212524,29.04,0.182955,294.66,15.18,0.179951,0.236256,0.180246,0.969287,8.7E-09,0.003682,0.159054,7.12,1.08,1.01,0.0247,1.2E-05
103,6.94,0.00057,0.035886,2.36,0.046558,10.81,1.04,0.017882,0.595494,0.004125,0.024493,1.5E-08,0.000348,0.167159,6.98,3.17,1,0.00475,4E-06
104,17.37,0.000206,0.073312,0.78522,0.008282,0.927974,13.97,2.6E-05,0.231458,0.000164,0.000967,9.8E-09,3.1E-05,0.160195,7.03,33.84,1,1.59,0.006213
105,6.49,0.024191,19.63,5.43,1.02,298.89,1.07,2.12,0.558769,0.186642,0.957094,1.6E-08,0.003661,0.192157,7.7,2.72,1,0.064293,2.1E-05
106,16.65,0.000598,0.187855,25.77,0.176627,10.87,11.59,0.182646,0.217144,0.003706,0.02284,8.7E-09,0.000351,0.198072,7.42,1.1,1,0.024504,1.2E-05
107,5.81,0.000177,0.021459,2.51,0.045926,0.926032,1.13,0.017311,0.516762,0.000142,0.001118,2.2E-08,3E-05,0.176617,7.76,3.35,1,0.004213,4E-06
108,16.49,0.026247,0.074303,0.797614,0.010905,296.26,10.81,1.1E-05,0.208581,0.180309,0.975481,9.1E-09,0.00344,0.127892,8.09,33.01,0.9988,1.41,0.006124
109,7.03,0.00058,21.71,5.67,0.878238,11,1.09,2.18,0.486761,0.003885,0.021889,1.7E-08,0.00036,0.095903,7.96,2.69,1,0.066257,2.5E-05
110,15.97,0.000201,0.222018,19.93,0.171072,0.895637,10.05,0.191421,0.232662,0.000151,0.000915,9.8E-09,3.5E-05,0.07874,8.07,1.12,1,0.024622,1.2E-05
111,6.45,0.028287,0.020768,2.22,0.045387,300.47,1.12,0.016375,0.480966,0.170845,1.02,1.5E-08,0.003548,0.083931,9.46,3.22,1,0.004282,4E-06
112,11.84,0.000622,0.069103,0.855073,0.009945,11.09,10.31,1.1E-05,0.149664,0.003722,0.019637,8.9E-09,0.000353,0.086399,7.49,40.74,1,1.31,0.005454
113,9.96,0.000235,22.66,6.12,0.836824,0.89905,1.12,2.04,0.196189,0.000151,0.001112,1.2E-08,3.7E-05,0.072172,8.7,2.57,1,0.061635,2.6E-05
114,9.93,0.028122,0.202939,19.33,0.184032,305.71,9.05,0.182086,0.46278,0.171728,0.92864,1.1E-08,0.003563,0.07233,7.11,1.1,1.01,0.022403,1.2E-05
115,10.74,0.000588,0.023586,2.11,0.042404,10.8,1.06,0.01727,0.196536,0.003664,0.021009,1E-08,0.000361,0.072682,8.6,3.29,1,0.00457,4E-06
116,9.29,0.000221,0.084898,0.86095,0.009008,1.01,8.82,1.1E-05,0.487061,0.000172,0.001304,1.2E-08,3.6E-05,0.081502,9.36,2.85,1,1.3,0.006238
117,9.39,0.026915,28.22,6.32,0.786251,287.43,1.08,1.96,0.082429,0.166887,0.923561,9E-09,0.003656,0.080591,9.39,1.13,1,0.071837,2.1E-05
118,9.14,0.000541,0.209545,17.18,0.173763,10.75,8.18,0.180751,0.473447,0.003749,0.025605,1.1E-08,0.000368,0.091083,10.62,3.44,1,0.02261,1.2E-05
119,11.4,0.000222,0.029615,2.05,0.043215,0.989789,1.06,0.017121,0.069083,0.000162,0.001504,7.4E-09,3.6E-05,0.096384,10.4,3.08,1,0.005274,4E-06
120,9.04,0.023834,0.088782,0.903269,0.008669,291.69,8.86,7E-06,0.530024,0.166645,1.06,1.2E-08,0.003638,0.099061,10.48,1.08,1,1.33,0.006466
121,11.1,0.000522,28.52,6.78,0.766538,10.77,1.05,1.97,0.208341,0.003828,0.026996,9.9E-09,0.000354,0.09534,9.3,3.33,1,0.069499,2.1E-05
122,8.73,0.000213,0.204495,15.8,0.172551,1.06,8.73,0.169851,0.476653,0.00015,0.001329,1.2E-08,3.6E-05,0.090665,8.68,2.68,1,0.010634,1.3E-05
123,10.65,0.023237,0.02936,2.17,0.045131,230.67,1.07,0.018379,0.137461,0.202065,0.434769,1.2E-08,0.007476,0.094939,6,1.14,1.04,0.004941,4E-06
124,8.88,0.000569,0.085455,0.775097,0.006657,14.08,8.5,7E-06,0.574396,0.001875,0.011745,1.3E-08,0.000325,0.097724,5,3.49,1,1.34,0.007463
125,11.51,0.000213,19.96,6.99,0.813353,231.91,1.09,1.97,0.239488,0.000177,0.000829,1.2E-08,0.007797,1.66,4.85,31.7,1,0.076088,2.2E-05
126,9.03,0.024002,0.228575,14.12,0.174462,12.73,8.89,0.178928,0.540673,0.186042,0.426776,1.5E-08,0.000314,0.273518,5.22,2.46,1.01,0.024891,1.2E-05
127,11.63,0.000558,0.033535,2.09,0.04717,194.91,1.1,0.016309,0.188386,0.001676,0.012293,1E-08,0.008059,1.75,4.61,1.15,1,0.005192,6E-06
128,9.33,0.000245,0.085704,0.779733,0.006028,12.35,9.05,7E-06,0.696971,0.000185,0.000812,1.5E-08,0.000262,0.229878,4.97,3.6,1,1.31,0.007851
129,12.12,0.023492,18.1,6.66,0.763634,170.51,1.06,1.94,0.229343,0.208717,0.433627,1E-08,0.006738,1.92,5.06,30.13,1.02,0.077332,2.1E-05
130,9.18,0.000498,0.233651,13.82,0.177422,11.89,8.47,0.173349,0.705383,0.001648,0.012446,1.4E-08,0.000256,0.234085,4.82,2.4,1,0.02508,1.5E-05
131,13.51,0.000262,0.030999,2.22,0.046777,157.76,1.04,0.017719,0.23018,0.000183,0.000891,9.3E-09,0.006699,1.78,5.77,1.25,1,0.005645,4E-06
132,8.29,0.022561,0.085531,0.83189,0.010525,11.3,8.88,1.1E-05,0.752048,0.208126,0.428347,1.3E-08,0.000265,0.206546,6.17,4.01,1.04,1.24,0.007485
133,11.6,0.00068,18.65,7.28,0.772745,160.4,1.01,1.95,0.318345,0.001613,0.011584,8.6E-09,0.007124,1.8,6.78,34.13,1,0.075129,2.1E-05
134,8.31,9.3E-05,0.265236,14.78,0.185541,12.43,9.91,0.171679,0.709681,0.000196,0.000812,1.3E-08,0.000274,0.19786,6.22,2.57,1,0.025464,1.2E-05
135,12.79,0.023196,0.03191,2.21,0.04584,174.45,1.09,0.015319,0.401335,0.19884,0.418323,1E-08,0.009231,1.89,5.38,1.13,1.02,0.005531,4E-06
136,8.43,0.000648,0.084919,0.815203,0.008586,12.53,9.85,1.1E-05,0.750983,0.001561,0.01299,1.6E-08,0.00025,0.226911,3.85,3.7,1,1.28,0.007915
137,14.37,0.00023,18.15,6.47,0.747314,190.05,1.09,1.9,0.685908,0.000197,0.000902,1E-08,0.00915,2.06,4.18,39.96,1,0.071141,2.8E-05
138,6.9,0.017303,0.233362,15.34,0.182146,12.73,9.77,0.168089,0.673356,0.182618,0.445393,1.2E-08,0.000245,0.242289,3.88,2.5,1.04,0.024469,1.5E-05
139,12.53,0.000309,0.034476,2.25,0.04675,181.95,1.07,0.014328,0.51011,0.001508,0.016321,9E-09,0.009704,2.17,2.88,1.06,1,0.006297,4E-06
140,8.08,0.000125,0.07983,0.799635,0.009181,13.46,8.53,1.1E-05,0.444386,0.000183,0.000759,1.2E-08,0.000265,0.2828,3.19,3.74,1,1.33,0.00847
141,12.66,0.016143,17.46,6.67,0.722925,174.26,1.16,1.86,0.396158,0.206736,0.456612,9.4E-09,0.008868,2.01,3.29,36,1.04,0.067586,2.1E-05
142,9.6,0.000284,0.21782,16.19,0.187801,14.29,8.28,0.170798,0.366963,0.001638,0.014763,1.1E-08,0.000314,0.207594,3.68,2.4,1,0.025191,1.5E-05
143,15.03,0.000134,0.05802,2.24,0.047364,157.94,1.13,0.015667,1.15,0.000178,0.001427,9.4E-09,0.01067,1.98,4.35,1.06,1,0.006299,4E-06
144,10,0.018042,0.07211,0.883393,0.007639,14.02,7.45,1.2E-05,0.193645,0.261565,0.523613,1.3E-08,0.000317,0.223794,2.98,3.91,1.02,1.24,0.007716
145,12.92,0.00035,17.23,7.2,0.72601,126.52,1.12,1.91,1.34,0.001652,0.018649,5.7E-09,0.008259,2.04,3.04,39.67,1,0.059502,2.1E-05
146,8.37,0.000129,0.224564,15.09,0.196701,13.64,7.47,0.17254,1.39,0.000182,0.001325,1.1E-08,0.000279,0.304109,4.28,2.34,1,0.025031,1.4E-05
147,10.31,0.016041,0.04012,2.37,0.045927,129.53,1.22,0.014953,1.5,0.2651,0.49759,8.3E-09,0.006616,2.12,4.95,1,1.01,0.006315,5E-06
148,7.75,0.000345,0.079371,0.898641,0.009302,14.77,7.82,1.2E-05,0.17587,0.001661,0.020037,1.2E-08,0.00027,0.335555,4.92,3.31,1,1.22,0.007115
149,10.17,0.000132,17.21,7.75,0.738391,96.91,1.2,2.03,1.34,0.000177,0.001534,6.5E-09,0.004111,2,6.22,34.97,1,0.057634,2.1E-05
