,bitcoin,byteball,experience-points,golem-network-tokens,iconomi,ion,neo,paccoin,peercoin,ripple,zclassic,zcoin
0,4338.71,255.69,3E-06,0.264662,1.46,1.54,34.21,1.5E-07,1.31,0.197529,2,13.29
1,609.74,237.73,1.2E-07,0.261972,0.267674,0.147674,0.184939,4.3E-09,0.306292,0.00883,1.96,12.86
2,236.06,241.5,2E-06,0.272749,1.44,1.49,28.64,1.5E-07,0.384913,0.00552,2.12,13.86
3,386.94,249.71,1.9E-07,0.27669,1.53,0.134746,0.191738,3.5E-09,0.998371,0.004644,2.02,13.01
4,133,220.11,5E-06,0.258489,1.51,1.53,29.76,1.7E-07,0.28063,0.010932,1.93,11.83
5,4163.07,227,1.2E-07,0.259158,1.46,0.121667,0.194798,4.3E-09,1.26,0.193606,1.95,11.6
6,605.69,213.76,8E-06,0.247837,1.54,1.56,31.79,1.8E-07,0.310154,0.008914,1.78,11.15
7,236.69,223.53,1.2E-07,0.257249,1.47,0.150565,0.197913,3.7E-09,0.389774,0.005579,1.73,11.57
8,375.47,208.02,1.2E-05,0.241301,1.49,1.4,26.38,1.6E-07,0.966338,0.004705,1.71,11.48
9,137.34,212.07,1.2E-07,0.243756,1.37,0.151093,0.202491,3.6E-09,0.265066,0.012868,1.71,10.45
10,4174.73,232.94,4E-06,0.271956,1.34,1.38,26.02,1.7E-07,1.33,0.196131,1.72,10.6
11,604.73,237.1,1.1E-07,0.261374,1.52,0.150203,0.198994,3.9E-09,0.303728,0.009048,1.92,8.64
12,239.14,249.91,4E-06,0.282695,1.54,1.26,19.79,1.3E-07,0.392302,0.006293,2.32,7.52
13,377.18,233.99,1.5E-07,0.247016,1.74,0.10551,0.213843,4.2E-09,0.965437,0.005282,1.57,6.6
14,134.78,238.54,8E-06,0.243028,1.51,1.32,20.18,1.2E-07,0.261473,0.013835,1.51,6.59
15,4200.67,238.88,1.1E-07,0.247871,1.5,0.150715,0.243237,4.3E-09,1.41,0.203299,1.5,6.92
16,606.17,211.1,1E-05,0.206726,1.54,1.24,18.69,8.7E-08,0.305347,0.008229,1.29,6.3
17,232.76,268.2,1.1E-07,0.272215,1.27,0.145443,0.252723,3.1E-09,0.380515,0.006536,1.64,8.51
18,399.52,288.63,2E-06,0.290404,1.58,1.23,17.45,7.4E-08,1.07,0.004705,1.76,8.52
19,133.78,284.36,1.2E-07,0.299268,1.73,0.137316,0.303794,2.6E-09,0.227426,0.014566,1.79,8.67
20,3892.35,285.25,4E-06,0.323035,1.69,1.36,19.75,1.2E-07,1.3,0.186119,1.88,8.53
21,608.04,291.39,1.5E-07,0.344498,1.87,0.137034,0.312621,4E-09,0.307611,0.007963,2.02,9.15
22,234.34,301.44,3E-06,0.360461,1.98,1.33,19.94,1E-07,0.376018,0.006501,2.2,9.09
23,404.43,321.96,1.1E-07,0.402176,1.93,0.094441,0.331296,3.5E-09,1.08,0.004616,2.09,10.72
24,128.38,322.51,4E-06,0.451712,2.23,1.37,21.22,1E-07,0.211827,0.011713,2.23,11.59
25,3926.07,347.9,1.6E-07,0.345685,2.25,0.158576,0.384916,3.7E-09,1.32,0.181487,2.27,10.84
26,600.83,343.47,4E-06,0.301788,2.09,1.22,19.86,7.4E-08,0.306246,0.007855,1.89,9.71
27,235.14,367.22,1.5E-07,0.361347,2.11,0.175719,0.426568,3.1E-09,0.390814,0.00665,2.49,12.13
28,411.57,368.93,3E-06,0.330569,2.48,1.23,20.76,7.7E-08,1.15,0.004722,2.68,13.19
29,128.22,383.75,1.9E-07,0.378419,2.49,0.169823,0.388858,4E-09,0.196177,0.010433,3.31,14.33
30,3682.84,218.18,5E-06,0.198555,2.99,1.28,18.74,8E-08,1.24,0.175787,1.84,17.66
31,602.63,214.21,3E-07,0.191735,1.01,0.169917,0.349832,3.3E-09,0.309945,0.007362,1.9,2.38
32,234.53,213.73,1.7E-05,0.189639,0.12191,1.08,15.69,7.5E-08,0.385741,0.00671,1.86,15.54
33,423.2,191.79,1.5E-07,0.197054,1.03,0.152695,0.325127,6.6E-09,1.2,0.004668,1.83,3.11
34,127.25,203.28,3E-06,0.20472,0.124068,1.4,20.06,1E-07,0.192147,0.010448,1.77,13.92
35,3792.4,191.43,2.3E-07,0.194259,1.17,0.152289,0.309509,6.3E-09,1.3,0.177882,1.81,3.44
36,602.84,203.6,5E-06,0.202158,0.113883,1.5,20.97,1.2E-07,0.30703,0.007211,1.79,14.87
37,230.28,181.24,1.9E-07,0.199057,1.15,0.243255,0.374598,6.1E-09,0.391747,0.006668,1.72,4.79
38,435.79,173.85,4E-06,0.19286,0.123524,1.5,21.88,1.2E-07,1.17,0.004613,1.59,14.82
39,125.95,189.63,6E-06,0.201134,1.19,0.175949,0.37615,4.7E-09,0.186406,0.010008,1.71,3.29
40,3630.7,189.31,3E-06,0.204678,0.13843,1.66,22.75,1.3E-07,1.29,0.17351,1.76,13.53
41,596.3,201.07,4E-06,0.221913,1.19,0.168361,0.391001,5.5E-09,0.304713,0.006843,1.92,3.3
42,230.62,212.35,4E-06,0.254141,0.169119,2.08,21.96,1.4E-07,0.383145,0.007168,2.66,11.81
43,402.15,190.18,6E-06,0.217408,1.27,0.137043,0.558478,6.8E-09,1.49,0.004657,1.5,3.33
44,129.12,178.09,5E-06,0.219275,0.177921,1.31,24.86,1.4E-07,0.19368,0.010406,1.54,12.74
45,3631.04,175.31,5E-06,0.211233,1.28,0.172401,30.78,6.1E-09,1.2,0.171754,1.65,3.49
46,597.15,173.65,1.7E-05,0.203874,0.454364,1.48,21.36,1.5E-07,0.313722,0.006829,1.68,11.52
47,227.09,186.77,6E-06,0.208379,1.15,0.169135,22.8,6.5E-09,0.376936,0.007247,1.68,2.9
48,398.82,175.3,3E-06,0.211183,0.269399,1.48,21.83,1.6E-07,1.49,0.00457,1.7,11.74
49,127.43,167.73,1E-06,0.213099,1.17,0.134293,30.32,6.6E-09,0.188596,0.0097,1.83,2.9
50,3905.95,170.23,4E-06,0.233593,0.157751,1.38,31.72,1.6E-07,1.36,0.182078,1.79,12.24
51,608.31,163.89,6E-06,0.221501,1.16,0.128919,32.01,6.7E-09,0.314436,0.006785,1.64,3.79
52,231.21,149.3,2E-06,0.193398,0.220825,1.36,28.47,1.5E-07,0.391064,0.007637,1.63,10.53
53,408.9,154.28,6E-06,0.196629,1.25,0.093718,0.228251,6.3E-09,1.64,0.004772,1.82,3.02
54,127.04,180.46,3E-06,0.221711,0.207394,1.61,28.79,1.6E-07,0.186749,0.010113,1.92,12.28
55,3924.97,193.24,6E-06,0.233535,1.32,0.119685,0.181026,5.6E-09,1.4,0.184041,2.01,5.79
56,609.23,203.22,4E-06,0.230674,0.180959,1.64,27.76,1.7E-07,0.31622,0.006858,2.02,12.05
57,231.49,194.6,9E-06,0.245785,1.4,0.115189,0.170166,6.4E-09,0.386373,0.007482,2.05,5.12
58,394.8,214.98,1.2E-05,0.245505,0.185008,1.81,27.35,1.7E-07,1.22,0.004942,2.27,9.57
59,129.65,224.27,4E-08,0.255418,1.39,0.145926,0.151552,6.3E-09,0.197068,0.010958,2.21,3.49
60,4065.2,262.58,2E-06,0.258588,0.188562,1.22,28.76,3.1E-07,1.49,0.189768,2.18,10
61,609.87,237.93,8.1E-08,0.290002,1.44,0.134701,0.127426,3.8E-09,0.316921,0.006853,1.93,3.52
62,232.97,239.92,3E-06,0.013339,0.275895,1.24,28.33,4.4E-07,0.388205,0.007529,0.745623,9.57
63,424.44,273.52,4.1E-08,0.263486,1.48,0.119197,0.129615,4.1E-09,1.69,0.005135,1.9,3.95
64,131.47,287.09,5E-06,0.013252,0.223526,1.31,28.54,5.6E-07,0.193084,0.010782,0.729315,9.77
65,3582.88,264.47,4E-08,0.345754,1.57,0.147217,0.135712,4E-09,1.32,0.178393,2.07,3.6
66,605.98,260.66,7E-06,0.011766,0.233744,1.62,30.15,4.1E-07,0.318208,0.007018,1,9.73
67,229.81,262.66,4E-08,0.330351,1.48,0.151691,0.093762,4E-09,0.390413,0.007372,2.04,4.49
68,457.33,274.66,1.1E-05,0.012349,0.312025,1.02,27.51,3.8E-07,1.54,0.005399,1.18,9.6
69,131.66,252.55,4E-08,0.274905,1.42,0.131729,0.082726,3.4E-09,0.19749,0.009613,1.99,2.39
70,3625.04,227.17,5E-06,0.012869,0.241117,1.05,28.79,3.1E-07,1.23,0.179082,1.48,10.66
71,606.97,236.1,3.9E-08,0.253609,1.51,0.130269,0.081484,3.4E-09,0.326811,0.007446,1.99,1.79
72,229.09,249.5,1.6E-05,0.011125,0.22117,1.11,27.13,2.3E-07,0.349095,0.007426,1.54,9.66
73,466.06,234.81,3.9E-08,0.246793,1.51,0.16439,0.080181,4.1E-09,1.08,0.005124,1.88,1.17
74,131.72,234.75,5E-06,0.011452,0.278547,1.12,27.75,2E-07,0.193628,0.007056,1.29,9.45
75,3637.52,216.69,3.9E-08,0.230846,1.53,0.117095,0.092682,3.8E-09,1.15,0.181358,1.76,1.7
76,607.15,237.26,8E-06,0.010432,0.366967,1.06,28.66,1.9E-07,0.311282,0.008303,1.29,9.67
77,230.3,239.22,6E-06,0.231549,1.56,0.115425,0.117084,3.7E-09,0.355721,0.00772,1.84,1.61
78,475.37,206.9,3.8E-08,0.013517,0.343605,1.1,29.67,1.8E-07,0.806403,0.00505,1.44,10.58
79,130.37,164.51,1.6E-05,0.217997,1.68,0.115606,0.19744,4.4E-09,0.194251,0.006472,1.68,1.11
80,3154.95,159.3,3.8E-08,0.014149,0.444327,1.14,31.4,1.6E-07,1.13,0.164167,1.98,11.06
81,610.68,175.53,9E-06,0.219278,1.97,0.108282,0.192747,4.4E-09,0.309349,0.005961,1.71,0.901141
82,230.64,192.04,7.6E-08,0.014474,0.422984,1.27,28.53,1.7E-07,0.350443,0.007404,2.49,11.07
83,477.89,177.13,7E-06,0.219314,1.77,0.107905,0.175901,4.3E-09,0.79827,0.005136,1.78,11.14
84,129.22,178.37,3.8E-08,0.015015,0.535335,1.2,27.73,1.7E-07,0.19383,0.00634,2.68,11.53
85,3882.59,155.32,1.8E-05,0.210481,1.63,0.14565,0.179885,4E-09,1.4,0.200778,1.75,12.39
86,609.24,158.98,3.9E-08,0.013566,0.338663,1.14,27.8,1.7E-07,0.319742,0.005886,2.82,12.27
87,230.51,188.83,4E-06,0.207861,1.35,0.111721,0.191014,4.2E-09,0.335274,0.008532,1.74,36.59
88,479,226.22,7.8E-08,0.209876,0.18364,1.16,29.35,1.8E-07,0.782664,0.004706,3.63,0.676966
89,134.98,216.93,8E-06,0.21397,1.38,0.108555,0.185407,3.9E-09,0.20382,0.006513,1.73,38.19
90,4130.81,223.79,3.9E-08,0.211439,0.146614,1.29,28.18,1E-06,1.49,0.209303,4.09,0.345835
91,608.24,415.97,5E-06,0.204708,1.44,0.118916,0.186052,3.7E-09,0.320562,0.005897,1.89,42.84
92,235.23,336.33,7.8E-08,0.189421,0.214888,1.27,29.96,1.7E-07,0.350013,0.008197,4.8,0.37497
93,477.75,319.02,5E-06,0.198331,1.39,0.111733,0.193575,4.3E-09,0.743973,0.004713,1.86,38.06
94,133.13,305.99,7.8E-08,0.197376,0.176022,1.3,29.31,1.5E-07,0.20502,0.006349,4.13,0.424698
95,4161.27,270.95,8E-06,0.21536,1.31,0.140862,0.193108,4.5E-09,1.43,0.214441,1.84,35.68
96,606.72,292.03,7.5E-08,0.206634,0.168375,1.26,29.1,1.4E-07,0.309334,0.005842,4.84,0.451497
97,240.11,301.72,6E-06,0.194727,1.54,0.107707,0.186541,4.3E-09,0.39098,0.008444,1.74,37.41
98,479.75,305.55,1.1E-07,0.188733,0.174724,1.31,32.07,1.4E-07,0.729107,0.004749,3.52,0.578698
99,135.25,293.01,1.3E-05,0.189395,1.53,0.107529,0.205229,4.6E-09,0.21099,0.006273,1.85,36.24
100,4122.94,261.17,2.3E-07,0.196548,0.162818,1.31,36.14,1.5E-07,1.42,0.213031,3.99,0.545247
101,623.51,256.15,3E-06,0.202098,1.62,0.131228,0.20284,4.1E-09,0.336045,0.00587,1.71,34.91
102,238.48,268.1,1.5E-07,0.221005,0.162149,1.23,33.52,1.4E-07,0.397609,0.007663,5.23,0.594411
103,479.36,245.21,6E-06,0.22519,1.78,0.134784,0.180059,4.2E-09,0.73611,0.00475,1.99,38.5
104,125.91,240.53,1.9E-07,0.437993,0.171436,1.27,32.28,1.3E-07,0.187606,0.005808,1.83,0.556219
105,4226.06,221.56,7E-06,0.424143,1.67,0.138453,0.289392,4.1E-09,1.53,0.209995,1.71,32.35
106,622.86,225.19,1.5E-07,0.468168,0.174482,1.34,31.16,1.5E-07,0.323516,0.005869,1.65,0.571248
107,238.17,247.3,2E-06,0.480738,1.43,0.16591,0.185843,3.8E-09,0.390881,0.007678,1.66,25.82
108,475.26,249,1.5E-07,0.341865,0.178249,1.31,33.61,1.6E-07,0.717387,0.004719,1.69,0.557802
109,127.11,247.65,5E-06,0.365831,1.48,0.171526,0.178713,5E-09,0.186852,0.00627,1.6,23.14
110,4228.75,244.69,1.5E-07,0.398442,0.17892,1.4,36.74,1.6E-07,1.53,0.211518,1.64,0.649329
111,626.32,242.72,8E-06,0.4664,1.21,0.146894,0.177279,5E-09,0.319105,0.005902,1.64,24.34
112,243.61,249.1,1.5E-07,0.419497,0.180428,1.4,35.72,1.5E-07,0.417071,0.007831,4.8,0.634565
113,474.6,264.43,1.9E-05,0.317936,1.21,0.137208,0.202293,6.4E-09,0.699713,0.004711,3.4,22.04
114,121.66,257.65,1.2E-07,0.316604,0.174226,1.4,32.96,1.3E-07,0.18614,0.006183,3.03,1.03
115,4599.88,259.03,1.2E-05,0.255912,1.12,0.143389,0.144636,4.7E-09,1.82,0.22364,3.05,23.16
116,614.54,247.58,1.2E-07,0.259853,0.169566,1.39,32.28,1.4E-07,0.337485,0.005892,2.77,0.56612
117,239.85,229.5,3E-06,0.242691,1.07,0.146591,0.149953,4E-09,0.393598,0.007918,2.94,22.22
118,482.28,231.32,1.2E-07,0.196725,0.173396,1.41,38.08,1.5E-07,0.721973,0.004704,3.35,0.750268
119,124.15,219.94,2.3E-05,0.197136,0.951394,0.146551,0.167994,4.2E-09,0.194916,0.006173,3.96,22.85
120,4597.12,213.54,3.9E-08,0.208512,0.173945,1.51,40.13,1.7E-07,1.92,0.226186,4.06,0.880791
121,610.44,217.68,5E-06,0.210699,0.989586,0.123591,0.17305,4.6E-09,0.33788,0.005912,3.46,18.98
122,239.84,64.55,3.9E-08,0.216739,0.167564,1.27,38.44,8.6E-07,0.368208,0.007891,3.45,0.8702
123,484.83,65.99,9E-06,0.22579,1.09,0.103539,0.174141,3.1E-09,0.741124,0.004795,4.83,14.08
124,119.15,64.27,3.9E-08,0.234533,0.204064,1.29,38.13,5E-09,0.183373,0.005866,4.42,0.807772
125,4376.53,65.07,1E-05,0.217156,1.03,0.360949,0.174514,8.8E-07,1.72,0.215189,8.98,14.94
126,606.59,58.04,3.9E-08,0.212477,0.183705,1.53,34.79,3.2E-09,0.34045,0.005932,10.2,0.8323
127,235.02,52.2,1.5E-05,0.246443,0.98282,0.36053,0.171955,4.9E-09,0.353063,0.00786,9.57,15.04
128,483.34,62.84,3.9E-08,0.241079,0.171514,1.49,34.9,9.1E-07,0.715205,0.004874,7.36,0.79657
129,126.43,54.38,7E-06,0.254044,0.964964,0.180792,0.167085,3.2E-09,0.185515,0.005715,8.15,18.23
130,4236.31,67.39,3.9E-08,0.244687,0.174726,1.42,35.86,5.4E-09,1.48,0.204968,9.08,0.796898
131,608.63,63.58,1.6E-05,0.253327,1.09,0.367608,0.168892,8.1E-07,0.350541,0.005954,9.06,17.08
132,230.3,71.49,3.9E-08,0.223747,0.115758,1.3,34.36,3.4E-09,0.333499,0.007355,8.94,1.13
133,489.66,66.73,1.6E-05,0.225262,0.95479,0.370801,0.173476,5.7E-09,0.767344,0.004805,8.28,15.18
134,126.74,67.39,7.8E-08,0.217398,0.110199,1.25,35.64,8E-07,0.181238,0.005695,8.77,1.16
135,4582.96,48.69,1.7E-05,0.086301,1.09,0.333202,0.170999,3.1E-09,1.83,0.228811,8.27,15.49
136,598.21,45.11,3.9E-08,0.084839,0.11335,1.23,39.75,5.5E-09,0.344488,0.005964,8.63,1.74
137,227.18,54.06,2.2E-05,0.06415,0.93524,0.11892,0.169928,8.2E-07,0.336219,0.007431,9.77,15.85
138,477.59,52.48,3.9E-08,0.056277,0.10827,1.24,42.74,2.9E-09,0.722479,0.004776,7.8,1.94
139,136.77,55.04,8E-06,0.050017,0.913426,0.120218,0.172177,5.2E-09,0.184639,0.00567,6.48,14.1
140,4578.77,58.89,3.9E-08,0.05053,0.118142,1.23,40.5,7E-07,1.92,0.226669,5.62,2.02
141,575.54,43.73,9E-06,0.042191,1.03,1.23,0.17328,3.4E-09,0.357441,0.00597,5.01,14.7
142,229.28,59.97,4E-08,0.043714,0.117117,0.083006,28.7,5.4E-09,0.342363,0.0077,5.28,1.72
143,477.43,65.89,1.3E-05,0.048744,1.05,1.21,0.162529,6.1E-07,0.724066,0.004641,2.21,15.07
144,135.85,61.14,7.9E-08,0.048005,0.127636,0.082723,29.35,3.4E-09,0.175247,0.005528,2.02,1.98
145,4892.01,61.96,6E-06,0.051241,1.12,1.17,0.173875,5.7E-09,2.04,0.248479,2.08,12.56
146,572.3,65.95,3.9E-08,0.057157,0.121109,0.090509,29.73,6.2E-07,0.364305,0.005984,2.01,2.17
147,228.12,73.55,2.5E-05,0.036324,1.18,1.21,0.183786,3.3E-09,0.34328,0.007815,1.94,8.15
148,474.88,58.54,4E-08,0.028766,0.124995,0.090511,28.4,5.7E-09,0.778685,0.005025,1.85,5.77
149,138.34,61.5,5.5E-05,0.040491,0.980278,1.25,0.169917,5.1E-07,0.178459,0.005787,1.99,5.78
