,bitshares,digibyte,dogecoin,ethereum,nav-coin,nem,nexus,nxt,siacoin,tether
0,0.085699,0.015719,0.001145,301.46,0.929033,0.235162,1.78,0.076488,0.00492,0.996488
1,0.004837,0.000324,0.000235,13.22,0.045146,0.004366,0.033144,0.012146,0.000488,1
2,0.006251,9.3E-05,0.000123,0.738644,0.002278,0.000151,0.001268,0.008176,2.8E-05,1
3,0.032881,7.9E-05,0.000399,291.47,0.001073,0.237538,1.73,0.028252,0.004949,0.999863
4,0.082354,0.014781,0.001082,13.07,0.918849,0.004006,0.038443,0.071052,0.00047,1
5,0.004872,0.000333,0.000231,0.661146,0.052472,0.000149,0.001275,0.012835,2.8E-05,1
6,0.006417,8.9E-05,0.000121,299.15,0.002176,0.238268,1.84,0.008323,0.00511,1
7,0.030984,7.9E-05,0.000396,13.27,0.001591,0.004617,0.036282,0.027248,0.000474,1
8,0.087078,0.015098,0.00108,0.582886,1.02,0.000139,0.001287,0.072449,2.9E-05,1
9,0.004986,0.000345,0.000229,306.47,0.050851,0.243301,2.05,0.013583,0.00547,1
10,0.006273,9.3E-05,0.000124,13.1,0.002384,0.00467,0.040866,0.009037,0.00048,1
11,0.031776,7.9E-05,0.000392,0.720839,0.00127,0.00013,0.001255,0.028647,3E-05,1
12,0.088603,0.015729,0.001173,287.44,0.994589,0.228646,2.11,0.074724,0.004835,1
13,0.005107,0.000351,0.000228,12.82,0.052427,0.004988,0.032959,0.0144,0.000487,1
14,0.006347,7.7E-05,0.000122,0.785964,0.002141,0.000131,0.001411,0.009042,3.3E-05,1
15,0.033868,8.4E-05,0.000375,292.33,0.001426,0.232506,1.95,0.031015,0.0048,1
16,0.079328,0.014439,0.001151,13.1,0.906095,0.005066,0.033637,0.06571,0.000487,1
17,0.005188,0.000353,0.000229,0.736223,0.050487,0.000134,0.001454,0.015034,3.1E-05,1
18,0.00633,7.7E-05,0.000123,282.48,0.002378,0.216154,2.04,0.008994,0.004814,1
19,0.033929,8.5E-05,0.000451,12.88,0.001438,0.005167,0.040401,0.031942,0.000498,0.999999
20,0.081056,0.01425,0.001141,0.81361,0.81685,0.000116,0.001283,0.063894,3.3E-05,1
21,0.005128,0.000349,0.000225,286.17,0.055674,0.222205,2.25,0.01618,0.004736,1
22,0.005934,9.5E-05,0.000122,13.33,0.001787,0.005251,0.034673,0.008804,0.000498,0.999999
23,0.030783,8.4E-05,0.000375,0.893406,0.001035,0.00012,0.001234,0.030945,3.2E-05,1
24,0.069554,0.013505,0.000892,264.31,0.761072,0.210635,2.28,0.059606,0.003836,1
25,0.004989,0.000349,0.000226,13.25,0.05161,0.005299,0.036967,0.015271,0.000505,0.999999
26,0.005881,9.8E-05,0.000124,0.901796,0.002173,0.00013,0.001236,0.008709,3.2E-05,1
27,0.030656,7.7E-05,0.000348,258.58,0.001308,0.210871,2.64,0.031989,0.003971,1
28,0.070597,0.013653,0.000954,13.77,0.841208,0.005415,0.037639,0.061825,0.000519,0.999988
29,0.005,0.000355,0.000224,0.919047,0.051772,0.000102,0.001634,0.015359,3E-05,1
30,0.006384,8.4E-05,0.000124,283.74,0.0021,0.231746,3.27,0.009305,0.004523,1
31,0.032094,8.7E-05,0.000313,14.43,0.001089,0.005127,0.03948,0.033011,0.000536,0.999999
32,0.069211,0.012606,0.000772,0.938445,0.846573,1E-04,0.001394,0.058817,2.8E-05,1
33,0.004992,0.000346,0.000228,282.8,0.052784,0.237664,3.15,0.016083,0.004583,1
34,0.006093,6.8E-05,0.000126,13.19,0.002074,0.00516,0.039918,0.008838,0.000493,0.999999
35,0.030651,7.9E-05,0.000298,0.882391,0.001091,0.000102,0.002079,0.03193,2.8E-05,1
36,0.069107,0.012546,0.000755,293.5,0.790137,0.248516,3.68,0.059259,0.005259,1
37,0.005084,0.000352,0.000231,12.43,0.053,0.005174,0.039047,0.016298,0.0005,0.999923
38,0.006693,5.8E-05,0.00013,0.853685,0.002132,1E-04,0.001487,0.008449,3E-05,1
39,0.030029,8.2E-05,0.000288,251.75,0.000981,0.204067,3.15,0.029748,0.004036,1.01
40,0.079108,0.014882,0.000862,12.7,0.917598,0.005274,0.038811,0.067742,0.000497,0.999999
41,0.00499,0.000347,0.000232,0.874231,0.05294,0.000108,0.001229,0.015336,3E-05,1
42,0.007109,5.4E-05,0.000126,246.52,0.00227,0.207831,3.12,0.008392,0.004298,1
43,0.031173,9E-05,0.000292,12.56,0.001427,0.005499,0.038543,0.029902,0.000494,0.999999
44,0.079411,0.013977,0.00089,0.907175,0.934326,0.000106,0.001301,0.068958,3E-05,1
45,0.005182,0.000347,0.000236,250.46,0.055478,0.211752,2.94,0.01669,0.003731,1.01
46,0.005874,5.9E-05,0.000126,11.94,0.002354,0.005674,0.036839,0.008483,0.000498,0.999993
47,0.03002,9E-05,0.000277,0.94441,0.001071,9.9E-05,0.001279,0.029643,3.5E-05,1
48,0.089771,0.01461,0.000947,213.91,1.06,0.164254,2.68,0.076242,0.003693,1
49,0.005188,0.000354,0.00024,11.92,0.061023,0.005695,0.037726,0.017213,0.000511,1
50,0.005748,5.9E-05,0.000127,0.875622,0.002046,9E-05,0.001342,0.008232,3.5E-05,1
51,0.031145,9.1E-05,0.000298,277.11,0.000942,0.233825,3.54,0.033117,0.005634,1
52,0.071629,0.012202,0.000853,11.92,0.999036,0.005876,0.036971,0.067395,0.0005,1
53,0.005131,0.000357,0.000236,0.936003,0.062768,9E-05,0.001235,0.018094,3.5E-05,1
54,0.005228,5.7E-05,0.000125,291.46,0.002206,0.249074,3.44,0.00826,0.005721,1.01
55,0.031356,9.8E-05,0.000268,11.89,0.001145,0.005736,0.039748,0.034975,0.000506,1
56,0.072316,0.012421,0.000867,1.04,0.97994,8.7E-05,0.001369,0.063342,3.3E-05,1
57,0.00537,0.000382,0.00025,294.53,0.054945,0.252026,3.27,0.018111,0.005858,1
58,0.004974,5.4E-05,0.000124,11.64,0.002176,0.005716,0.034104,0.008222,0.000502,1
59,0.034058,0.000107,0.000294,0.982978,0.001163,9.4E-05,0.001429,0.037837,4.3E-05,1
60,0.075739,0.012569,0.000865,288.75,0.967416,0.256975,3.03,0.065516,0.005716,1.01
61,0.005447,0.000388,0.000233,12.17,0.0525,0.005874,0.039838,0.020093,0.000529,1
62,0.004625,5.3E-05,0.000126,1.17,0.002273,9.1E-05,0.001193,0.008122,4.8E-05,1
63,0.033437,0.000123,0.000326,294.4,0.001127,0.267264,3.05,0.037264,0.005963,1
64,0.07638,0.011096,0.000854,11.65,0.66836,0.006211,0.035226,0.054695,0.000532,1
65,0.00573,0.00036,0.000226,1.21,0.051477,9E-05,0.001452,0.019886,4.8E-05,1
66,0.004173,5.3E-05,0.000125,296.5,0.002084,0.268641,3.02,0.008205,0.006098,1.01
67,0.036723,0.000124,0.000345,11.35,0.00129,0.005664,0.03554,0.037692,0.000521,1
68,0.113004,0.014735,0.001398,1.24,0.944475,9.9E-05,0.001362,0.076776,7.8E-05,1
69,0.005603,0.000347,0.000225,329.43,0.051367,0.293376,3.21,0.020054,0.007636,1
70,0.004276,5E-05,0.000126,11.55,0.002405,0.0057,0.039785,0.008077,0.000637,1
71,0.037656,0.000132,0.000267,1.25,0.00137,9.6E-05,0.001467,0.041259,4.3E-05,1
72,0.120208,0.016239,0.00144,334.34,1.14,0.301941,3.25,0.084199,0.008119,1.01
73,0.005328,0.000358,0.000226,11.69,0.051094,0.005703,0.038401,0.02003,0.000444,1
74,0.004319,5.1E-05,0.000127,1.3,0.002196,9.6E-05,0.001291,0.008081,2.9E-05,1
75,0.038572,0.000146,0.000205,312.99,0.00161,0.286227,2.91,0.042218,0.007344,1
76,0.11317,0.017557,0.001463,11.72,1.11,0.005724,0.037276,0.082828,0.000447,1
77,0.004955,0.000334,0.000226,1.34,0.054994,8.6E-05,0.001749,0.019888,2.4E-05,1
78,0.004211,5.4E-05,0.000131,295.17,0.002404,0.27322,2.94,0.008483,0.006659,1.03
79,0.039063,0.000103,0.000204,11.68,0.001707,0.005647,0.036017,0.041038,0.000452,1
80,0.101345,0.015318,0.001395,1.27,1.18,9.7E-05,0.00167,0.084298,2.5E-05,1
81,0.005146,0.000337,0.000227,347.48,0.056672,0.307264,3.28,0.020751,0.008434,1
82,0.004269,5.7E-05,0.000129,11.76,0.002325,0.005725,0.036565,0.008558,0.000444,1
83,0.040865,0.000101,0.000186,1.26,0.001699,8.9E-05,0.00114,0.039558,2.5E-05,1
84,0.111051,0.01628,0.001568,348.98,1.34,0.295884,2.74,0.088337,0.008397,1.02
85,0.005021,0.000349,0.00023,12.11,0.055967,0.005618,0.034075,0.020501,0.000437,1
86,0.004479,5.4E-05,0.00013,1.29,0.002248,8.8E-05,0.000919,0.008445,2.8E-05,1
87,0.037151,8.1E-05,0.000195,387.74,0.00163,0.33231,3.01,0.036563,0.008824,1
88,0.110796,0.016374,0.001596,11.99,1.29,0.005569,0.030131,0.08752,0.000441,1
89,0.005514,0.00034,0.000228,1.35,0.050971,1E-04,0.001026,0.02114,3E-05,1
90,0.00435,5.4E-05,0.000131,305.88,0.002224,0.186771,1.01,0.008501,0.003613,1
91,0.038584,8.2E-05,0.000175,11,0.001231,0.003629,0.02032,0.036888,0.000377,1
92,0.142661,0.018141,0.001927,0.916627,1.5,0.000145,0.001269,0.103844,3.5E-05,1
93,0.005104,0.000338,0.000242,307.75,0.053487,0.200415,1.12,0.02147,0.003752,1
94,0.004827,4.8E-05,0.00013,11.18,0.002226,0.003712,0.021624,0.008494,0.00038,1
95,0.03267,8.6E-05,0.000188,1.04,0.000989,0.000158,0.001427,0.037189,3.9E-05,1
96,0.16014,0.019357,0.002019,305.09,1.58,0.201337,1.15,0.106607,0.003778,1
97,0.005257,0.000331,0.000241,10.44,0.072845,0.003496,0.022506,0.021989,0.000353,1
98,0.004681,4.8E-05,0.000132,1.21,0.002243,0.00014,0.001456,0.008569,3.8E-05,1
99,0.032635,9.2E-05,0.000211,296.3,0.001456,0.197236,1.11,0.036257,0.003774,1
100,0.122084,0.019844,0.001908,11.09,1.35,0.003743,0.032532,0.09072,0.00038,1
101,0.005447,0.000358,0.000236,1,0.033322,0.00012,0.001372,0.02047,3.7E-05,1
102,0.005072,5E-05,0.00013,297.42,0.002482,0.19794,1.15,0.00803,0.003909,1
103,0.032433,0.000112,0.000163,11.5,0.001692,0.003936,0.026859,0.034626,0.000413,1
104,0.110996,0.019126,0.001786,0.869641,1.26,0.000117,0.001389,0.088583,3.5E-05,1
105,0.005409,0.00034,0.000235,296.53,0.0248,0.199005,1.18,0.019959,0.003767,0.999868
106,0.00332,4.7E-05,0.000125,11.53,0.00235,0.00381,0.029765,0.008027,0.000425,1
107,0.031402,0.000113,0.000157,0.731317,0.001454,0.000114,0.001338,0.029254,3.4E-05,1
108,0.14144,0.025323,0.002153,297.93,1.47,0.206495,1.26,0.106711,0.003874,1
109,0.005327,0.000311,0.000236,11.41,0.022294,0.003908,0.03133,0.021362,0.00045,1
110,0.003249,4.8E-05,0.000122,0.616039,0.002283,0.000119,0.001506,0.007875,3.4E-05,1
111,0.03259,0.000121,0.00014,298.33,0.001471,0.212616,1.28,0.028861,0.003971,1
112,0.148976,0.02198,0.002226,11.97,1.43,0.003879,0.032776,0.106538,0.000434,1
113,0.005707,0.000294,0.000235,0.56359,0.017887,0.000123,0.001521,0.022235,3.9E-05,1
114,0.003413,4.8E-05,0.000126,286.95,0.00237,0.199053,1.13,0.008289,0.00349,0.996536
115,0.027696,0.000148,0.000132,12.04,0.001671,0.003751,0.032839,0.028283,0.000435,1
116,0.169329,0.025204,0.002543,0.539657,1.9,0.000119,0.001305,0.119231,4.1E-05,1
117,0.005838,0.000303,0.000232,295.45,0.017225,0.211949,1.07,0.023075,0.003745,1
118,0.003353,5.1E-05,0.000127,12.07,0.002282,0.003745,0.033629,0.008048,0.000441,1
119,0.028243,0.000157,0.000131,0.567702,0.001547,0.000118,0.00141,0.027111,4.1E-05,1
120,0.073222,0.00903,0.001124,300.19,0.867878,0.212676,1.2,0.05826,0.003667,1
121,0.004173,0.000324,0.00022,12.18,0.055525,0.003705,0.032449,0.006495,0.000451,1
122,0.004222,0.000323,0.000137,0.447329,0.001882,0.000117,0.001491,0.007199,4.5E-05,1
123,0.017352,4.7E-05,0.000236,304.01,0.000608,0.215947,1.27,0.019422,0.003794,1
124,0.056903,0.009312,0.001151,12.1,1.03,0.003738,0.029905,0.058622,0.000442,1
125,0.004239,0.000338,0.000223,0.434829,0.054661,0.000117,0.001415,0.006636,4E-05,1
126,0.004577,0.000339,0.000151,308.09,0.002046,0.220531,1.35,0.007762,0.004019,1
127,0.01825,4.5E-05,0.000238,12.02,0.000579,0.003803,0.028412,0.020227,0.000437,1
128,0.054771,0.009126,0.001173,0.489014,0.801441,0.000108,0.001378,0.059357,5E-05,1
129,0.004062,0.000312,0.000223,314.32,0.051356,0.220316,1.43,0.006352,0.004245,1
130,0.004198,0.000327,0.000141,12.59,0.001814,0.003875,0.033402,0.008125,0.000396,1
131,0.020723,5E-05,0.000242,0.517734,0.000632,0.000124,0.001374,0.019978,5E-05,1
132,0.051667,0.00909,0.001037,317.08,0.730116,0.218207,1.31,0.058275,0.004419,0.999335
133,0.004126,0.000317,0.000216,12.01,0.050855,0.003814,0.031273,0.006747,0.000405,1
134,0.004166,0.00027,0.000126,0.547178,0.001872,0.000124,0.001426,0.007265,4.3E-05,1
135,0.021988,5.3E-05,0.000256,333.38,0.000893,0.223181,1.37,0.021254,0.004302,0.99801
136,0.052926,0.009309,0.001052,11.95,0.729305,0.003988,0.031433,0.059179,0.000414,1
137,0.004303,0.000331,0.000217,0.536495,0.048494,0.000117,0.001371,0.006676,4.5E-05,1
138,0.003988,0.000253,0.000118,336.6,0.00182,0.2073,1.44,0.007125,0.004155,0.999242
139,0.022727,6E-05,0.000251,11.98,0.000883,0.004003,0.027876,0.021563,0.000429,1
140,0.052257,0.008977,0.001051,0.561878,0.724429,0.000113,0.001386,0.060045,3.8E-05,1
141,0.004421,0.000339,0.000216,339.63,0.051337,0.210581,1.56,0.007091,0.004138,0.999709
142,0.003628,0.000241,0.000116,11.94,0.001818,0.004275,0.028808,0.007035,0.000437,0.999999
143,0.022704,5.2E-05,0.000249,0.522968,0.000785,0.000116,0.001376,0.021747,3.5E-05,1
144,0.05229,0.00932,0.001056,338.76,0.777,0.211569,1.56,0.060751,0.004265,1
145,0.004476,0.000335,0.000219,11.96,0.051408,0.004128,0.027752,0.007162,0.000428,1
146,0.003713,0.000237,0.000116,0.607655,0.001875,0.000119,0.001361,0.007343,4E-05,1
147,0.022636,5.6E-05,0.000246,304.14,0.000705,0.206147,1.63,0.021496,0.004474,0.997423
148,0.053069,0.009411,0.001092,11.93,0.838975,0.004045,0.02691,0.061198,0.000428,1
149,0.004487,0.000334,0.000219,0.62603,0.057745,0.000117,0.001396,0.007598,3.7E-05,1
