,ardor,bitcoindark,dash,digitalnote,einsteinium,ethereum-classic,gamecredits,monacoin,pivx,reddcoin,stellar,stratis,vertcoin,viacoin,waves,zcoin
0,0.21235,114.07,327.14,0.002303,0.135851,12.98,2.34,0.468827,3.21,0.001217,0.013858,4.44,1.03,1.46,5.04,13.29
1,0.16641,2.61,12.1,0.000139,0.001586,1.26,0.122092,0.036988,0.003695,4.3E-05,0.002847,0.029636,0.036995,0.027427,0.196706,12.86
2,0.174028,1.1,2.34,0.000149,0.000108,12.52,0.012682,0.089207,3.07,1E-05,0.001985,4.47,0.042791,0.003995,4.93,13.86
3,0.177424,4.41,2.7,0.000144,0.000302,1.27,1.2E-05,0.036522,0.003737,5.4E-05,0.003211,0.029073,0.060138,0.103182,0.173167,13.01
4,0.132864,93.76,327.7,0.002164,0.127307,12.73,2.32,0.48225,3.19,0.001127,0.013204,4.79,1.02,1.29,4.78,11.83
5,0.130451,2.56,12.01,0.000145,0.001581,1.25,0.117098,0.038031,0.003641,4.4E-05,0.003066,0.032441,0.037135,0.025349,0.17312,11.6
6,0.115682,1.03,2.34,0.000159,0.000101,12.65,0.013837,0.09131,3.23,1E-05,0.002055,4.77,0.04435,0.004306,5.17,11.15
7,0.119414,4.51,2.85,0.000138,0.000204,1.2,1.1E-05,0.085198,0.004048,6E-05,0.003212,0.034811,0.060648,0.090606,0.173631,11.57
8,0.118398,90.95,338.25,0.002328,0.135998,11.24,2.36,0.44012,2.99,0.001301,0.013863,4.39,0.93459,1.27,4.79,11.48
9,0.115729,2.44,11.59,0.000139,0.001651,1.2,0.122278,0.038122,0.004031,4.8E-05,0.003149,0.035266,0.03483,0.023791,0.173482,10.45
10,0.116184,1.24,2.38,0.000156,1E-04,10.86,0.013229,0.093072,2.99,1E-05,0.002091,4.25,0.044942,0.004105,4.23,10.6
11,0.113213,4.57,2.9,0.00014,0.000204,1.21,1.1E-05,0.091639,0.00402,6E-05,0.003174,0.03611,0.057433,0.112258,0.174928,8.64
12,0.117597,99.06,346.43,0.002443,0.104591,10.44,2.45,0.469551,2.83,0.001389,0.014378,3.97,1.02,1.18,3.97,7.52
13,0.105767,2.54,11.64,0.000153,0.001655,1.25,0.122084,0.03746,0.003754,5.4E-05,0.002549,0.038854,0.035283,0.024832,0.181455,6.6
14,0.099854,1.32,2.36,0.000169,9.6E-05,10.61,0.013902,0.089498,2.98,1E-05,0.002067,4.23,0.045586,0.004091,3.97,6.59
15,0.10207,5.01,2.84,0.000146,0.00022,1.24,1.6E-05,0.093478,0.003943,6.4E-05,0.003263,0.035526,0.064524,0.118722,0.186626,6.92
16,0.088152,91.9,339.1,0.002302,0.082198,10.26,2.36,0.45098,2.8,0.001287,0.012388,3.93,0.975175,1.18,3.77,6.3
17,0.116828,2.58,11.41,0.000155,0.001631,1.25,0.117264,0.037493,0.00382,4.8E-05,0.002385,0.034466,0.035728,0.026164,0.195984,8.51
18,0.125197,1.4,2.33,0.000165,9.5E-05,10.07,0.011196,0.098864,2.92,1.1E-05,0.002071,4.03,0.046272,0.004399,3.64,8.52
19,0.132628,5.17,2.89,0.000158,0.000228,1.22,1.6E-05,0.091014,0.003898,7.7E-05,0.00305,0.034957,0.065052,0.125951,0.199509,8.67
20,0.127516,91.51,345.09,0.0023,0.083033,11.25,2.03,0.460741,3.19,0.001416,0.012073,4.75,0.953256,1.15,4.07,8.53
21,0.129348,2.53,11.55,0.000156,0.001639,1.25,0.121569,0.036396,0.00377,4.8E-05,0.002454,0.036401,0.034575,0.029902,0.215727,9.15
22,0.135448,1.39,2.45,0.000166,9.9E-05,11.48,0.011764,0.094487,3.29,1.1E-05,0.002056,4.85,0.046636,0.004751,4.16,9.09
23,0.155623,5.22,3,0.000154,0.000239,1.28,1.2E-05,0.091468,0.003838,5.7E-05,0.003494,0.03405,0.074233,0.131286,0.191414,10.72
24,0.148698,82.68,331.85,0.002101,0.062497,11.79,1.61,0.452316,3.68,0.001176,0.011563,5.37,0.992858,1.07,4.34,11.59
25,0.130319,2.55,11.53,0.000157,0.001626,1.32,0.116721,0.03843,0.003706,4.2E-05,0.002219,0.036501,0.036615,0.030908,0.186632,10.84
26,0.117797,1.37,2.44,0.000157,9.9E-05,10.02,0.012042,0.102697,3.25,1E-05,0.002058,4.44,0.047475,0.004798,3.64,9.71
27,0.140358,5.68,3.34,0.000164,0.000269,1.32,3.5E-05,0.091506,0.004111,5.1E-05,0.00389,0.033547,0.079289,0.126835,0.179221,12.13
28,0.140028,84.62,350.79,0.002174,0.06437,9.93,1.74,0.466693,3.15,0.000985,0.011896,4.39,1.07,1.12,3.76,13.19
29,0.147426,2.52,11.54,0.000169,0.001663,1.32,0.115944,0.03798,0.003702,4.8E-05,0.002083,0.034574,0.035117,0.02868,0.167791,14.33
30,0.199587,1.24,2.43,0.000146,9.6E-05,10.24,0.012312,0.095136,3.32,9E-06,0.002082,4.62,0.047589,0.005799,3.78,17.66
31,0.009458,5.55,3.4,0.000171,0.000247,1.28,3.5E-05,0.096213,0.003763,5.6E-05,0.003965,0.038852,0.088989,0.13011,0.1656,2.38
32,0.197073,78.12,346.58,0.001972,0.062089,9.13,1.55,0.448218,2.65,0.000941,0.010776,3.78,1.09,1.02,3.09,15.54
33,0.009951,2.48,11.54,0.000161,0.001599,1.29,0.120379,0.038693,0.004507,4.3E-05,0.002138,0.037704,0.035763,0.032816,0.17306,3.11
34,0.200644,1.25,2.46,0.000143,9.9E-05,14.11,0.014285,0.090337,3.07,9E-06,0.002138,5.01,0.045246,0.005094,3.95,13.92
35,0.009032,5.36,3.36,0.000156,0.00023,1.29,1.2E-05,0.101706,0.00454,5.2E-05,0.004023,0.036959,0.080591,0.122028,0.169045,3.44
36,0.19101,78.32,330.05,0.002111,0.059906,14.44,1.52,0.453647,3.14,0.000943,0.0106,5.53,1.3,1.14,4.38,14.87
37,0.010176,2.5,11.53,0.000161,0.001701,1.32,0.120743,0.039098,0.004682,4.6E-05,0.002085,0.034792,0.037247,0.024521,0.171349,4.79
38,0.198331,1.25,2.35,0.000133,9.3E-05,14.61,0.014737,0.090144,3.24,9E-06,0.002142,5.6,0.050691,0.004746,4.35,14.82
39,0.011682,4.8,2.97,0.00014,0.000241,1.34,4E-05,0.102077,0.004397,5.2E-05,0.003464,0.037784,0.081322,0.11864,0.160849,3.29
40,0.193836,94.87,342.43,0.002404,0.057201,13.66,1.72,0.47759,3.39,0.001053,0.012236,5.86,0.955091,1.35,4.41,13.53
41,0.012167,2.55,11.41,0.00017,0.001706,1.42,0.121468,0.039468,0.004471,4.3E-05,0.002052,0.047915,0.037639,0.023209,0.162375,3.3
42,0.202588,1.28,2.39,0.00015,9.3E-05,14.89,0.016369,0.093546,3.69,1.1E-05,0.002223,5.76,0.049968,0.004482,4.46,11.81
43,0.012234,5.11,3.18,0.000142,0.000259,1.4,8E-06,0.104674,0.004541,5.3E-05,0.003612,0.030533,0.083602,0.130112,0.166817,3.33
44,0.212795,92.14,324.26,0.002058,0.050999,15.2,1.69,0.449215,3.69,0.00094,0.011794,5.71,0.81124,1.12,4.5,12.74
45,0.013997,2.54,11.54,0.00017,0.00156,1.44,0.120254,0.038163,0.004147,4.8E-05,0.002127,0.026794,0.039006,0.023499,0.162395,3.49
46,0.193733,1.21,2.36,0.000148,9.5E-05,17.81,0.018494,0.098187,4.15,1.1E-05,0.002295,6.17,0.049131,0.004032,4.98,11.52
47,0.012269,5.25,3.43,0.00016,0.000236,1.48,8E-06,0.121532,0.004302,5.2E-05,0.003872,0.027648,0.082101,0.12471,0.160031,2.9
48,0.205184,104.31,333,0.002182,0.06663,19.02,1.71,0.466362,4.01,0.001022,0.013455,6.22,0.810876,1.26,5.16,11.74
49,0.013592,2.55,11.64,0.000171,0.001612,1.47,0.113968,0.039427,0.004261,4.9E-05,0.00209,0.024576,0.038268,0.021837,0.166453,2.9
50,0.204258,1.32,2.46,0.000164,0.000107,16.58,0.018751,0.097885,3.58,1.2E-05,0.002243,6.03,0.049202,0.00385,4.98,12.24
51,0.014453,5.12,3.87,0.000126,0.00023,1.45,4.2E-05,0.122712,0.00427,5.6E-05,0.003456,0.022383,0.089561,0.142181,0.170325,3.79
52,0.219249,83.5,313.84,0.001987,0.047159,15.84,1.49,0.418483,3.13,0.000926,0.01121,5.77,0.688848,0.990986,4.66,10.53
53,0.015005,2.67,11.78,0.000176,0.001489,1.46,0.111834,0.039513,0.004205,4.7E-05,0.002162,0.022118,0.039767,0.022273,0.165639,3.02
54,0.220303,1.37,2.37,0.000172,0.000108,18.57,0.022793,0.092061,3.63,1.1E-05,0.002228,6.59,0.050043,0.003763,5.2,12.28
55,0.017017,5.11,3.75,0.000136,0.000315,1.34,3.7E-05,0.110163,0.003677,6.5E-05,0.003072,0.023516,0.097816,0.163324,0.165268,5.79
56,0.229476,79.87,298.86,0.001999,0.036413,20.08,1.52,0.427467,3.33,0.000929,0.011699,6.34,0.629889,0.850978,5.23,12.05
57,0.015436,2.52,11.72,0.000181,0.001627,1.39,0.115461,0.04043,0.003475,4.6E-05,0.002082,0.023228,0.039808,0.027214,0.171192,5.12
58,0.245213,1.43,2.37,0.000183,0.000102,21.94,0.021544,0.094308,3.94,1.1E-05,0.002159,7.25,0.052629,0.004106,5.74,9.57
59,0.018939,5.37,3.33,0.000155,0.000313,1.44,3.7E-05,0.106649,0.003455,6.5E-05,0.00299,0.02209,0.098649,0.173295,0.161095,3.49
60,0.251497,81.29,284.36,0.002037,0.036838,10.62,1.35,0.429105,2.97,0.000966,0.012096,3.36,0.707298,0.890119,3.24,10
61,0.018237,2.58,12.21,0.000176,0.001663,0.903216,0.120313,0.040502,0.00786,4.2E-05,0.002319,0.051525,0.039674,0.019343,0.328016,3.52
62,0.261466,1.42,2.32,0.000191,0.000101,10.87,0.022834,0.094745,3.28,1E-05,0.002183,3.82,0.054814,0.004343,3.48,9.57
63,0.016771,5.78,3.07,0.000139,0.000337,0.927473,2.4E-05,0.103612,0.007004,7.1E-05,0.002896,0.052163,0.102126,0.169671,0.353743,3.95
64,0.256811,84.3,236.24,0.001812,0.036309,10.86,1.2,0.388856,3.35,0.000838,0.011038,4.04,0.479536,0.694622,3.54,9.77
65,0.019724,2.47,12.71,0.000183,0.001637,0.889612,0.122148,0.040574,0.005962,4E-05,0.001963,0.056596,0.046535,0.021622,0.346814,3.6
66,0.228357,1.36,2.31,0.000192,0.000103,10.55,0.023914,0.09543,3.18,9E-06,0.002139,4.29,0.051867,0.00427,3.46,9.73
67,0.033319,6.19,2.8,0.00014,0.000315,0.942647,2.4E-05,0.1173,0.005633,6.2E-05,0.002943,0.054974,0.100928,0.166965,0.337918,4.49
68,0.219012,79.2,301.29,0.002248,0.039431,10.38,1.56,0.479597,3.3,0.001084,0.015328,4.4,0.704781,0.926039,3.54,9.6
69,0.205196,2.42,13,0.000178,0.001578,0.995753,0.122205,0.041182,0.00452,3.7E-05,0.001951,0.051045,0.050024,0.020287,0.329201,2.39
70,0.200064,1.43,2.34,0.000188,0.000109,10.5,0.023245,0.100929,3.33,9E-06,0.002158,4.39,0.052979,0.004597,3.62,10.66
71,0.181779,6.66,2.87,0.000142,0.000353,1.03,3.8E-05,0.125161,0.004727,6.2E-05,0.003094,0.0451,0.099447,0.167956,0.333643,1.79
72,0.169204,91.41,325.97,0.002178,0.02876,10.63,1.76,0.510081,3.45,0.001126,0.016324,4.92,0.790181,1.08,3.7,9.66
73,0.198538,2.34,12.26,0.000165,0.001422,1.02,0.11983,0.040943,0.003556,3.6E-05,0.00194,0.039468,0.042415,0.01692,0.355961,1.17
74,0.191566,1.41,2.43,0.000197,1E-04,10.6,0.023012,0.101603,3.45,1E-05,0.002239,4,0.057118,0.00414,3.76,9.45
75,0.187904,6.73,2.85,0.000142,0.000326,1.03,0.000143,0.136267,0.00359,6.7E-05,0.002968,0.039226,0.099523,0.164932,0.338372,1.7
76,0.166957,95.39,318.4,0.002223,0.03436,10.28,1.79,0.508828,3.09,0.001179,0.016993,3.38,0.798137,1.13,3.67,9.67
77,0.177739,2.26,11.14,0.000152,0.001378,1.05,0.121142,0.040567,0.003659,3.6E-05,0.001966,0.03926,0.040406,0.01754,0.31363,1.61
78,0.193841,1.42,2.38,0.000203,0.000107,10.83,0.023516,0.10361,3.42,1.1E-05,0.002231,3.15,0.059632,0.005015,3.58,10.58
79,0.204945,6.48,2.8,0.000144,0.000328,1.05,1E-05,0.141297,0.003633,7.1E-05,0.002501,0.038163,0.102095,0.17318,0.288693,1.11
80,0.305943,108.79,320.11,0.002282,0.034576,10.92,1.81,0.506391,3.3,0.001234,0.016269,3.02,0.839306,1.08,3.58,11.06
81,0.009615,2.48,11.42,0.000174,0.001519,1.03,0.119664,0.041076,0.00374,3.7E-05,0.002032,0.037486,0.042336,0.018048,0.243799,0.901141
82,0.297123,1.28,2.38,0.000208,0.000114,11.22,0.024321,0.101275,3.21,1E-05,0.002208,2.96,0.059525,0.005822,3.66,11.07
83,0.010021,6.69,2.82,0.000149,0.00038,1.04,1E-05,0.130244,0.003761,7.1E-05,0.002278,0.03584,0.103826,0.163062,0.240599,11.14
84,0.360362,119.35,323.14,0.002338,0.035932,11.34,1.94,0.511343,3.5,0.001258,0.017095,3.09,0.864793,1.27,3.89,11.53
85,0.00959,2.66,11.22,0.000181,0.001681,1.05,0.127231,0.040257,0.003783,3.6E-05,0.00202,0.036885,0.042888,0.019912,0.249335,12.39
86,0.342233,1.27,2.44,0.000185,0.000111,11.53,0.023861,0.096199,3.78,1E-05,0.002195,3.22,0.067738,0.007284,4.04,12.27
87,0.009394,6.32,2.91,0.000153,0.000267,1.06,1.99,0.156038,0.00391,6.6E-05,0.002178,0.035577,0.104455,0.192423,0.245576,36.59
88,0.327665,129.6,333.21,0.002393,0.036012,11.92,0.129451,0.52264,3.83,0.001253,0.017447,3.06,0.81537,1.23,3.92,0.676966
89,0.009594,2.38,11.69,0.00018,0.002251,1.07,0.025178,0.041699,0.003925,3.8E-05,0.001931,0.035226,0.042235,0.018367,0.244299,38.19
90,0.278057,1.33,2.33,0.000204,0.00011,11.89,2.06,0.095,4.01,1.1E-05,0.0023,2.98,0.063642,0.00458,4.02,0.345835
91,0.009815,5.81,2.78,0.000152,0.000264,1.2,0.133593,0.168369,0.004143,6.7E-05,0.002257,0.038427,0.105072,0.204234,0.235213,42.84
92,0.264949,153.39,343.91,0.002598,0.039437,11.95,0.024794,0.562123,4.07,0.001344,0.020096,3.01,0.955678,1.37,3.8,0.37497
93,0.010101,2.33,11.28,0.00018,0.001382,0.992573,1E-05,0.040722,0.003978,3.7E-05,0.001925,0.0376,0.035642,0.018661,0.223403,38.06
94,0.279408,1.31,2.38,0.000205,0.000112,12.26,2.06,0.092209,3.98,1E-05,0.002452,2.85,0.065944,0.004377,4,0.424698
95,0.009873,6.19,2.9,0.000172,0.000275,0.991068,0.126321,0.172756,0.003847,6.3E-05,0.002044,0.038391,0.111279,0.193392,0.209668,35.68
96,0.297881,143.07,347.17,0.002698,0.039971,12.18,0.026629,0.583702,3.66,0.001433,0.020346,3.14,0.991602,1.44,3.97,0.451497
97,0.009192,2.29,10.92,0.000176,0.001372,1.01,1E-05,0.039271,0.003464,3.6E-05,0.001925,0.033419,0.034442,0.019853,0.205778,37.41
98,0.268989,1.36,2.49,0.000193,0.000113,11.96,1.99,0.092237,3.54,1E-05,0.002527,3.12,0.075518,0.004421,3.69,0.578698
99,0.009354,6.42,2.98,0.000178,0.000324,1.04,0.116388,0.194313,0.003245,7.2E-05,0.002081,0.035035,0.11154,0.20492,0.212963,36.24
100,0.263496,131.14,327.23,0.002687,0.040176,11.49,0.033,0.513977,3.59,0.001369,0.018567,3.51,0.866313,1.37,4.18,0.545247
101,0.009219,2.17,11.27,0.000162,0.00125,1.1,1.5E-05,0.04018,0.003358,3.6E-05,0.001912,0.037798,0.034844,0.016443,0.209706,34.91
102,0.24196,1.36,2.51,0.00017,0.000105,11.54,1.76,0.101273,3.23,9E-06,0.002476,3.4,0.081677,0.004862,4.12,0.594411
103,0.009455,6.54,2.84,0.000192,0.000321,1.15,0.114671,0.20177,0.003711,7.2E-05,0.002082,0.032182,0.111439,0.207682,0.209878,38.5
104,0.238167,102.23,316.13,0.002332,0.040082,11.5,0.031748,0.536666,3.36,0.001242,0.017625,3.35,0.734686,1.4,4.13,0.556219
105,0.009491,2.25,11.39,0.00014,0.00126,1.17,1.4E-05,0.040529,0.002874,3.4E-05,0.001934,0.030178,0.03734,0.01282,0.212259,32.35
106,0.22797,1.24,2.45,0.000176,0.000105,12.12,2.12,0.107756,3.27,9E-06,0.002321,3.51,0.072775,0.004354,4.44,0.571248
107,0.009333,5.36,3.08,0.000203,0.000169,1.18,0.108246,0.209641,0.003281,7.3E-05,0.00213,0.030303,0.112975,0.207967,0.21252,25.82
108,0.229099,119.28,356.39,0.00274,0.046292,12.28,0.035026,0.508075,3.57,0.001385,0.021296,3.92,0.876343,1.79,5.02,0.557802
109,0.009121,2.19,11.45,0.000157,0.00125,1.17,1.4E-05,0.040302,0.003248,3.5E-05,0.001902,0.030634,0.03762,0.013736,0.203778,23.14
110,0.229508,1.23,2.47,0.000182,0.00011,12.34,2.12,0.107518,3.66,9E-06,0.002377,3.69,0.078869,0.004438,4.97,0.649329
111,0.010032,4.97,2.64,0.000136,0.000162,1.17,0.107923,0.194779,0.003688,7.1E-05,0.002059,0.028928,0.113888,0.209575,0.211073,24.34
112,0.224476,73.45,350.17,0.002769,0.045363,11.95,0.038067,0.496026,3.43,0.001382,0.020837,3.56,0.865105,1.49,4.97,0.634565
113,0.010496,2.15,11.36,0.000122,0.00129,1.19,1.4E-05,0.039889,0.003578,3.4E-05,0.001885,0.028109,0.036566,0.014107,0.213118,22.04
114,0.206529,1.27,2.51,0.000171,0.000101,11.97,2.41,0.108315,3.28,1E-05,0.002423,3.64,0.071364,0.004134,4.91,1.03
115,0.0104,4.9,2.32,0.000146,0.000136,1.16,0.1074,0.191188,0.003838,7.1E-05,0.001999,0.027891,0.11309,0.203632,0.205533,23.16
116,0.192194,65.44,393.35,0.00302,0.047623,12.41,0.03078,0.500976,3.52,0.001475,0.023954,3.81,0.987379,1.79,4.73,0.56612
117,0.010406,2.39,11.45,0.000121,0.001243,1.19,2.4E-05,0.040655,0.003874,3.4E-05,0.001887,0.031855,0.034206,0.013871,0.1927,22.22
118,0.219978,1.33,2.54,0.000181,1E-04,12.44,1.82,0.107544,2.77,1.1E-05,0.002435,3.91,0.071648,0.004595,4.85,0.750268
119,0.010211,4.94,2.27,0.000137,0.000116,1.19,0.180937,0.186612,0.003996,7E-05,0.00201,0.031769,0.11253,0.122843,0.196629,22.85
120,0.215425,102.99,279.15,0.002079,0.06812,12.74,0.01961,2.98,2.99,0.001096,0.029182,4.13,5.21,1.45,4.97,0.880791
121,0.01015,2.96,9.2,0.000189,0.001316,1.19,1.93,0.029468,0.003813,4E-05,0.002088,0.031822,0.032366,0.025594,0.185924,18.98
122,0.240588,0.83423,2.31,8E-05,9.9E-05,28.19,0.165243,0.065324,3.76,1.2E-05,0.00216,5.36,0.035284,0.005176,4.88,0.8702
123,0.009958,2.63,1.79,4.6E-05,0.000239,0.748166,0.019884,0.03859,0.004768,4.1E-05,0.001681,0.054847,0.059501,0.069895,0.252707,14.08
124,0.234459,102.66,285.94,0.002333,0.067406,25.42,1.93,3.14,3.46,0.001107,0.031804,4.82,5.45,1.42,5.17,0.807772
125,0.009848,2.83,9.67,0.000203,0.001325,0.747909,0.145975,0.028805,0.004278,4.1E-05,0.002127,0.059511,0.034843,0.028718,0.26237,14.94
126,0.20432,0.928499,2.54,8.5E-05,9E-05,33.98,0.016564,0.066853,4.32,1.1E-05,0.002184,6.47,0.034255,0.005745,5.93,0.8323
127,0.009876,1.8,1.79,4.4E-05,0.000194,0.759313,3E-06,0.038871,0.004293,4.5E-05,0.001735,0.054205,0.061681,0.09786,0.309469,15.04
128,0.1964,95.84,283.93,0.002939,0.062944,25.75,1.9,2.86,3.78,0.001177,0.030331,5.38,4.34,1.29,5.65,0.79657
129,0.010872,3.12,8.61,0.000184,0.001158,0.778122,0.161669,0.028667,0.005345,3.7E-05,0.001957,0.05809,0.031622,0.028505,0.257451,18.23
130,0.200115,0.974448,2.39,0.000116,9.1E-05,22.22,0.015937,0.066246,3.51,1.3E-05,0.002069,4.56,0.033722,0.005491,5.68,0.796898
131,0.010844,1.88,1.61,5E-05,0.000189,0.781978,4E-06,0.035404,0.005959,4.4E-05,0.001696,0.062763,0.061112,0.038147,0.217379,17.08
132,0.201205,87.42,275.69,0.00149,0.065353,21.71,1.95,3.17,3.26,0.000975,0.031038,4.79,5.18,1.24,5.35,1.13
133,0.011361,2.89,9.07,0.000234,0.001301,0.845464,0.166782,0.029769,0.006342,4.2E-05,0.002095,0.067294,0.035838,0.027765,0.233079,15.18
134,0.214148,0.952027,2.14,1E-04,9.2E-05,21.45,0.015717,0.069906,3.05,1.2E-05,0.00202,4.25,0.029862,0.005405,5.23,1.16
135,0.010276,2.2,1.9,5.2E-05,0.00021,0.769668,3.2E-05,0.036968,0.00602,5E-05,0.001655,0.068121,0.064631,0.037925,0.259016,15.49
136,0.246277,85.98,280.48,0.001552,0.068132,18.23,2.07,3.35,3.04,0.001034,0.034236,4,4.07,1.07,5.19,1.74
137,0.010626,2.98,9.71,0.00021,0.001449,0.816454,0.170469,0.030067,0.006621,4.4E-05,0.002176,0.065426,0.037283,0.029615,0.272901,15.85
138,0.205301,0.923467,2.1,8.9E-05,8.5E-05,17.99,0.016823,0.069331,3.05,1.2E-05,0.001997,3.73,0.028485,0.005206,5.29,1.94
139,0.009322,2.1,1.91,5.3E-05,0.000176,0.840367,3.2E-05,0.042009,0.00647,4.6E-05,0.001956,0.066165,0.063976,0.042363,0.278878,14.1
140,0.102324,83.21,286.13,0.001604,0.067357,17.8,2.17,3.45,2.97,0.001001,0.034546,3.46,3.68,1.04,5.19,2.02
141,0.093891,2.87,9.34,0.000198,0.001484,0.850297,0.161044,0.03096,0.006907,4.1E-05,0.002338,0.069432,0.038243,0.028126,0.288821,14.7
142,0.103608,0.97476,2.24,8.6E-05,8E-05,18.39,0.014669,0.070316,2.9,1E-05,0.00186,3.48,0.028337,0.005385,5.27,1.72
143,0.091705,1.87,1.93,5.5E-05,0.000177,0.858533,7E-06,0.047226,0.006976,4.7E-05,0.001941,0.075914,0.061801,0.044519,0.277263,15.07
144,0.092424,84.6,289.14,0.001594,0.07226,17.92,2.2,3.84,3.04,0.001036,0.035004,3.46,3.07,1.12,5.12,1.98
145,0.103885,2.97,9.41,0.000239,0.001439,0.860979,0.16134,0.031194,0.007667,4.6E-05,0.002357,0.079627,0.037241,0.034024,0.294224,12.56
146,0.12592,0.989767,2.17,8.7E-05,7.6E-05,17.72,0.013805,0.072068,3.01,1E-05,0.001886,3.5,0.029842,0.005413,5.3,2.17
147,0.154994,1.87,1.92,5.5E-05,0.000148,0.871999,1.8E-05,0.045249,0.007047,4.9E-05,0.001892,0.086462,0.059831,0.045261,0.297482,8.15
148,0.15811,86.25,293.2,0.001992,0.07623,17.24,2.14,3.92,2.95,0.001158,0.036649,3.36,3.28,1.25,4.78,5.77
149,0.136749,2.9,9.85,0.000264,0.001544,0.893229,0.158818,0.030351,0.007327,4.1E-05,0.002471,0.084937,0.036565,0.042851,0.325359,5.78
