,augur,bitbay,blocknet,counterparty,emercoin,ethereum,factom,gamecredits,ion,nem,nexus,paccoin,siacoin,steem,stratis,supernet-unity,tether,ubiq,verge
0,21.19,0.03387,21.82,11.57,0.683192,301.46,18.46,2.34,1.54,0.235162,1.78,1.5E-07,0.00492,1.47,4.44,41.71,0.996488,1.91,0.006948
1,12.19,0.000679,0.344654,4.22,0.404772,13.22,2.86,0.122092,0.147674,0.004366,0.033144,4.3E-09,0.000488,0.492349,0.029636,2.6,1,0.07806,2.4E-05
2,20.64,0.000173,0.054008,0.80768,0.031884,0.738644,18.33,0.012682,1.49,0.000151,0.001268,1.5E-07,2.8E-05,1.64,4.47,1.78,1,0.022639,1.4E-05
3,11.26,0.031617,20.02,1.94,0.004663,291.47,2.92,1.2E-05,0.134746,0.237538,1.73,3.5E-09,0.004949,0.514415,0.029073,24.36,0.999863,0.006599,0.006799
4,22.23,0.000539,0.250421,9.96,0.645319,13.07,19.19,2.32,1.53,0.004006,0.038443,1.7E-07,0.00047,1.43,4.79,2.7,1,1.71,2.4E-05
5,10.28,0.00017,0.05065,4.18,0.395467,0.661146,2.99,0.117098,0.121667,0.000149,0.001275,4.3E-09,2.8E-05,0.505285,0.032441,1.84,1,0.083736,1.6E-05
6,20.98,0.027409,19.06,0.851062,0.035068,299.15,19.81,0.013837,1.56,0.238268,1.84,1.8E-07,0.00511,1.22,4.77,36.19,1,0.022183,0.006504
7,10.67,0.000583,0.272051,1.83,0.005243,13.27,3.06,1.1E-05,0.150565,0.004617,0.036282,3.7E-09,0.000474,0.546937,0.034811,2.82,1,0.010567,2.9E-05
8,18.82,0.000181,0.054619,9.92,0.676221,0.582886,17.6,2.36,1.4,0.000139,0.001287,1.6E-07,2.9E-05,1.09,4.39,1.92,1,1.74,1.7E-05
9,10.59,0.02466,20.11,4.33,0.381254,306.47,2.94,0.122278,0.151093,0.243301,2.05,3.6E-09,0.00547,0.563659,0.035266,44.16,1,0.076241,0.006354
10,18.81,0.000541,0.288572,0.868107,0.036821,13.1,17.31,0.013229,1.38,0.00467,0.040866,1.7E-07,0.00048,1.11,4.25,2.9,1,0.021229,2.4E-05
11,11.72,0.00018,0.048279,1.9,0.003579,0.720839,3.05,1.1E-05,0.150203,0.00013,0.001255,3.9E-09,3E-05,0.604818,0.03611,1.92,1,0.012676,1.4E-05
12,17.84,0.025576,21.84,10.4,0.703118,287.44,16.53,2.45,1.26,0.228646,2.11,1.3E-07,0.004835,1.07,3.97,26.26,1,1.7,0.006239
13,10.36,0.000544,0.310075,4.64,0.389836,12.82,3.21,0.122084,0.10551,0.004988,0.032959,4.2E-09,0.000487,0.597275,0.038854,2.81,1,0.069639,2.4E-05
14,18,0.000176,0.039962,0.860167,0.027623,0.785964,17.07,0.013902,1.32,0.000131,0.001411,1.2E-07,3.3E-05,1.08,4.23,1.98,1,0.022398,1.6E-05
15,11.94,0.024268,22.42,2.02,0.003108,292.33,2.99,1.6E-05,0.150715,0.232506,1.95,4.3E-09,0.0048,0.484293,0.035526,19.33,1,0.015278,0.006058
16,17.01,0.000568,0.318682,10.03,0.64973,13.1,15.56,2.36,1.24,0.005066,0.033637,8.7E-08,0.000487,1.01,3.93,2.9,1,1.54,2.4E-05
17,11.63,0.000179,0.040059,4.43,0.384131,0.736223,3.05,0.117264,0.145443,0.000134,0.001454,3.1E-09,3.1E-05,0.485323,0.034466,1.95,1,0.052392,1.6E-05
18,17.13,0.020294,20.4,0.81413,0.034646,282.48,14.84,0.011196,1.23,0.216154,2.04,7.4E-08,0.004814,1.01,4.03,2.86,1,0.022017,0.005772
19,10.27,0.000557,0.301306,2.03,0.003033,12.88,3.11,1.6E-05,0.137316,0.005167,0.040401,2.6E-09,0.000498,0.418853,0.034957,1.96,0.999999,0.014974,2.4E-05
20,18.5,0.000169,0.046003,9.97,0.620475,0.81361,17.49,2.03,1.36,0.000116,0.001283,1.2E-07,3.3E-05,1.12,4.75,3.06,1,1.59,1.4E-05
21,12.12,0.020132,20.84,5.05,0.385347,286.17,3.04,0.121569,0.137034,0.222205,2.25,4E-09,0.004736,0.450762,0.036401,1.93,1,0.048624,0.005568
22,18.46,0.000615,0.309094,0.827502,0.03812,13.33,18.55,0.011764,1.33,0.005251,0.034673,1E-07,0.000498,1.09,4.85,23.24,0.999999,0.02211,3E-05
23,12.12,0.000159,0.049841,2.06,0.002915,0.893406,3.3,1.2E-05,0.094441,0.00012,0.001234,3.5E-09,3.2E-05,0.478526,0.03405,2.62,1,0.012484,1.4E-05
24,19.02,0.019281,20.26,9.94,0.588074,264.31,19.63,1.61,1.37,0.210635,2.28,1E-07,0.003836,1.22,5.37,1.88,1,1.52,0.005389
25,9.88,0.00062,0.320789,5.05,0.384052,13.25,3.3,0.116721,0.158576,0.005299,0.036967,3.7E-09,0.000505,0.52353,0.036501,23.65,0.999999,0.052423,3E-05
26,17.64,0.000166,0.054479,0.870585,0.029295,0.901796,17.35,0.012042,1.22,0.00013,0.001236,7.4E-08,3.2E-05,1.09,4.44,2.6,1,0.023144,1.5E-05
27,9.82,0.019394,19.94,2.1,0.003705,258.58,3.39,3.5E-05,0.175719,0.210871,2.64,3.1E-09,0.003971,0.528477,0.033547,1.77,1,0.011879,0.005474
28,17.67,0.00065,0.323936,10.01,0.599213,13.77,17.89,1.74,1.23,0.005415,0.037639,7.7E-08,0.000519,1.12,4.39,26.73,0.999988,1.48,2.4E-05
29,10.93,0.000181,0.056099,5.3,0.387971,0.919047,3.24,0.115944,0.169823,0.000102,0.001634,4E-09,3E-05,0.514227,0.034574,2.91,1,0.053353,1.4E-05
30,18.31,0.022416,22.34,0.864736,0.03009,283.74,18.05,0.012312,1.28,0.231746,3.27,8E-08,0.004523,1.14,4.62,1.77,1,0.022953,0.006352
31,12.15,0.000664,0.353049,2.17,0.003707,14.43,3.3,3.5E-05,0.169917,0.005127,0.03948,3.3E-09,0.000536,0.509801,0.038852,26.25,0.999999,0.01347,2.5E-05
32,15.76,0.000173,0.040671,9.67,0.561949,0.938445,15.15,1.55,1.08,1E-04,0.001394,7.5E-08,2.8E-05,0.994543,3.78,3.11,1,1.43,1.6E-05
33,9.89,0.020259,24.05,5.13,0.386913,282.8,3.5,0.120379,0.152695,0.237664,3.15,6.6E-09,0.004583,0.573209,0.037704,1.79,1,0.055248,0.00631
34,20.59,0.000704,0.36707,0.876154,0.022284,13.19,20.37,0.014285,1.4,0.00516,0.039918,1E-07,0.000493,1.23,5.01,21.7,0.999999,0.022578,3E-05
35,11.33,0.000185,0.043608,2.05,0.004007,0.882391,3.53,1.2E-05,0.152289,0.000102,0.002079,6.3E-09,2.8E-05,0.590609,0.036959,2.84,1,0.012624,1.4E-05
36,21.23,0.022184,24.03,9.47,0.568891,293.5,22.1,1.52,1.5,0.248516,3.68,1.2E-07,0.005259,1.22,5.53,1.7,1,1.43,0.006548
37,11.67,0.00068,0.36839,5.6,0.3903,12.43,3.78,0.120743,0.243255,0.005174,0.039047,6.1E-09,0.0005,0.630221,0.034792,20.82,0.999923,0.059117,3.1E-05
38,20.92,0.000174,0.03047,0.859928,0.024716,0.853685,23.37,0.014737,1.5,1E-04,0.001487,1.2E-07,3E-05,1.23,5.6,3.05,1,0.021284,1.4E-05
39,9.71,0.019433,20.8,2.1,0.002576,251.75,3.25,4E-05,0.175949,0.204067,3.15,4.7E-09,0.004036,0.641134,0.037784,1.74,1.01,0.011169,0.005924
40,21.55,0.000695,0.381244,10.72,0.641984,12.7,23.51,1.72,1.66,0.005274,0.038811,1.3E-07,0.000497,1.32,5.86,25.59,0.999999,1.59,4.2E-05
41,9.98,0.000162,0.043545,5.24,0.384242,0.874231,2.89,0.121468,0.168361,0.000108,0.001229,5.5E-09,3E-05,0.71776,0.047915,3.37,1,0.061202,1.4E-05
42,22.28,0.020949,20.19,0.896094,0.027198,246.52,25.07,0.016369,2.08,0.207831,3.12,1.4E-07,0.004298,1.4,5.76,1.73,1,0.022138,0.005909
43,9.97,0.000686,0.33997,2.01,0.002858,12.56,2.89,8E-06,0.137043,0.005499,0.038543,6.8E-09,0.000494,0.640861,0.030533,26.04,0.999999,0.012848,3E-05
44,22.26,0.000164,0.042758,11.71,0.645111,0.907175,26.27,1.69,1.31,0.000106,0.001301,1.4E-07,3E-05,1.37,5.71,3.42,1,1.58,1.5E-05
45,4.95,0.018954,19.98,4.33,0.388284,250.46,2.91,0.120254,0.172401,0.211752,2.94,6.1E-09,0.003731,0.634152,0.026794,1.73,1.01,0.063927,0.005318
46,23.79,0.000653,0.377844,0.896926,0.029619,11.94,27.98,0.018494,1.48,0.005674,0.036839,1.5E-07,0.000498,1.56,6.17,21.21,0.999993,0.021648,2.1E-05
47,10.57,0.000181,0.04464,1.97,0.003411,0.94441,2.86,8E-06,0.169135,9.9E-05,0.001279,6.5E-09,3.5E-05,0.739936,0.027648,3.5,1,0.013006,1.4E-05
48,23.79,0.015422,14.93,12.19,0.664019,213.91,26.46,1.71,1.48,0.164254,2.68,1.6E-07,0.003693,1.56,6.22,1.71,1,1.73,0.0047
49,11.9,0.000697,0.336395,4.84,0.398568,11.92,2.9,0.113968,0.134293,0.005695,0.037726,6.6E-09,0.000511,0.77924,0.024576,23.36,1,0.060387,2.4E-05
50,22.94,0.000159,0.044703,0.860981,0.046605,0.875622,25.3,0.018751,1.38,9E-05,0.001342,1.6E-07,3.5E-05,1.34,6.03,3.49,1,0.022049,1.5E-05
51,10.31,0.01905,18.23,2.03,0.004202,277.11,2.97,4.2E-05,0.128919,0.233825,3.54,6.7E-09,0.005634,0.806667,0.022383,1.72,1,0.013344,0.006433
52,21.81,0.000708,0.38233,11.91,0.674043,11.92,24.3,1.49,1.36,0.005876,0.036971,1.5E-07,0.0005,1.17,5.77,28.77,1,1.61,2.4E-05
53,10.34,0.000136,0.041546,5.25,0.402881,0.936003,2.83,0.111834,0.093718,9E-05,0.001235,6.3E-09,3.5E-05,0.823902,0.022118,3.41,1,0.059971,1.6E-05
54,24.91,0.020365,20.41,0.870664,0.019945,291.46,27.64,0.022793,1.61,0.249074,3.44,1.6E-07,0.005721,1.39,6.59,1.72,1.01,0.021414,0.007003
55,6.58,0.000718,0.501959,2.36,0.003669,11.89,2.8,3.7E-05,0.119685,0.005736,0.039748,5.6E-09,0.000506,0.823506,0.023516,28.67,1,0.016778,2.4E-05
56,24.24,0.000155,0.045032,10.42,0.788043,1.04,27.2,1.52,1.64,8.7E-05,0.001369,1.7E-07,3.3E-05,1.34,6.34,3.61,1,1.58,1.5E-05
57,9.21,0.021353,18.19,5.35,0.400352,294.53,3.18,0.115461,0.115189,0.252026,3.27,6.4E-09,0.005858,0.822189,0.023228,1.81,1,0.059804,0.007578
58,28.59,0.000748,0.503221,0.91584,0.020391,11.64,32.69,0.021544,1.81,0.005716,0.034104,1.7E-07,0.000502,1.59,7.25,26.77,1,0.021903,3E-05
59,9.16,0.00015,0.037989,2.24,0.003515,0.982978,3.38,3.7E-05,0.145926,9.4E-05,0.001429,6.3E-09,4.3E-05,0.814077,0.02209,3.74,1,0.020972,1.6E-05
60,17.59,0.020718,20.75,10.27,0.556243,288.75,14.58,1.35,1.22,0.256975,3.03,3.1E-07,0.005716,0.943716,3.36,1.81,1.01,1.6,0.007962
61,4.45,0.000751,0.511424,4.43,0.393819,12.17,2.14,0.120313,0.134701,0.005874,0.039838,3.8E-09,0.000529,0.131459,0.051525,31.14,1,0.070636,2.5E-05
62,1.57,0.000162,0.044429,0.892168,0.018456,1.17,0.119383,0.022834,1.24,9.1E-05,0.001193,4.4E-07,4.8E-05,0.970985,3.82,3.68,1,0.021708,1.7E-05
63,17.17,0.022972,21.89,2.37,0.003794,294.4,15.3,2.4E-05,0.119197,0.267264,3.05,4.1E-09,0.005963,0.131225,0.052163,1.77,1,0.023555,0.006945
64,4.65,0.000697,0.349638,8.91,0.45872,11.65,2.22,1.2,1.31,0.006211,0.035226,5.6E-07,0.000532,0.972884,4.04,28.64,1,1.32,1.9E-05
65,1.69,0.000151,0.042864,4.81,0.397468,1.21,0.121739,0.122148,0.147217,9E-05,0.001452,4E-09,4.8E-05,0.131963,0.056596,3.22,1,0.064471,1.4E-05
66,17.7,0.022333,21.6,0.905034,0.023424,296.5,14.67,0.023914,1.62,0.268641,3.02,4.1E-07,0.006098,0.941843,4.29,1.77,1.01,0.023546,0.006869
67,4.11,0.000668,0.34515,2.44,0.004062,11.35,2.09,2.4E-05,0.151691,0.005664,0.03554,4E-09,0.000521,0.154522,0.054974,36.34,1,0.019383,2.1E-05
68,1.62,0.000158,0.043263,11.94,0.775586,1.24,0.126992,1.56,1.02,9.9E-05,0.001362,3.8E-07,7.8E-05,0.989806,4.4,3.33,1,1.7,1.2E-05
69,17.27,0.025943,25.12,3.83,0.397955,329.43,14.89,0.122205,0.131729,0.293376,3.21,3.4E-09,0.007636,0.14225,0.051045,1.77,1,0.058479,0.007367
70,4.43,0.000658,0.220703,0.93885,0.020123,11.55,2.31,0.023245,1.05,0.0057,0.039785,3.1E-07,0.000637,0.963551,4.39,32.12,1,0.023817,2.4E-05
71,1.52,0.000165,0.04252,2.32,0.004184,1.25,0.119221,3.8E-05,0.130269,9.6E-05,0.001467,3.4E-09,4.3E-05,0.154051,0.0451,3.21,1,0.019128,1.4E-05
72,17.54,0.024249,25.73,13.03,0.781306,334.34,15.48,1.76,1.11,0.301941,3.25,2.3E-07,0.008119,0.998517,4.92,1.78,1.01,1.78,0.007867
73,5.01,0.000648,0.208308,3.77,0.404743,11.69,2.6,0.11983,0.16439,0.005703,0.038401,4.1E-09,0.000444,0.17494,0.039468,24.96,1,0.061248,1.9E-05
74,1.47,0.000154,0.046773,0.904803,0.020727,1.3,0.130548,0.023012,1.12,9.6E-05,0.001291,2E-07,2.9E-05,0.993993,4,3.18,1,0.024553,1.7E-05
75,17.9,0.022118,26.05,2.43,0.004061,312.99,15.1,0.000143,0.117095,0.286227,2.91,3.8E-09,0.007344,0.189853,0.039226,1.68,1,0.018313,0.006843
76,5.1,0.000652,0.202453,12.87,0.755877,11.72,2.66,1.79,1.06,0.005724,0.037276,1.9E-07,0.000447,0.926321,3.38,20.43,1,1.89,1.8E-05
77,17.94,0.000173,0.041536,3.46,0.405535,1.34,0.146076,0.121142,0.115425,8.6E-05,0.001749,3.7E-09,2.4E-05,0.200849,0.03926,3.56,1,0.071401,1.4E-05
78,4.8,0.020947,24.51,0.994546,0.019947,295.17,15.47,0.023516,1.1,0.27322,2.94,1.8E-07,0.006659,0.974535,3.15,1.68,1.03,0.025263,0.005827
79,17.66,0.00064,0.204591,2.25,0.006152,11.68,2.62,1E-05,0.115606,0.005647,0.036017,4.4E-09,0.000452,0.228142,0.038163,21.61,1,0.023313,1.9E-05
80,5.13,0.000178,0.032206,11.31,0.733691,1.27,0.136166,1.81,1.14,9.7E-05,0.00167,1.6E-07,2.5E-05,0.974472,3.02,3.3,1,2.04,1.6E-05
81,16.29,0.021934,28.67,3.26,0.425343,347.48,15.94,0.119664,0.108282,0.307264,3.28,4.4E-09,0.008434,0.239264,0.037486,1.66,1,0.062687,0.005725
82,5.29,0.00057,0.222046,0.965053,0.020776,11.76,2.73,0.024321,1.27,0.005725,0.036565,1.7E-07,0.000444,1.02,2.96,22.35,1,0.025398,1.8E-05
83,16.85,0.000163,0.040907,2.24,0.00477,1.26,0.139129,1E-05,0.107905,8.9E-05,0.00114,4.3E-09,2.5E-05,0.239862,0.03584,3.43,1,0.02055,1.4E-05
84,5.33,0.023053,28.72,12.24,0.814464,348.98,15.03,1.94,1.2,0.295884,2.74,1.7E-07,0.008397,1.09,3.09,1.7,1.02,2.2,0.004931
85,16.84,0.000525,0.214598,3.32,0.4216,12.11,2.69,0.127231,0.14565,0.005618,0.034075,4E-09,0.000437,0.234489,0.036885,29.82,1,0.059725,2E-05
86,5.41,0.000178,0.041015,0.910233,0.017147,1.29,0.124429,0.023861,1.14,8.8E-05,0.000919,1.7E-07,2.8E-05,1.07,3.22,3.56,1,0.024979,1.4E-05
87,17.56,0.024881,34.29,2.22,0.00404,387.74,15.21,1.99,0.111721,0.33231,3.01,4.2E-09,0.008824,0.244464,0.035577,1.69,1,0.018768,0.005311
88,5.11,0.000499,0.177551,11.64,0.795924,11.99,2.62,0.129451,1.16,0.005569,0.030131,1.8E-07,0.000441,1.06,3.06,26.65,1,2.14,1.8E-05
89,18.15,0.000175,0.044815,3.33,0.425675,1.35,0.117835,0.025178,0.108555,1E-04,0.001026,3.9E-09,3E-05,0.251779,0.035226,1.84,1,0.058271,1.4E-05
90,5.24,0.02432,19.15,0.971999,0.015965,305.88,15.22,2.06,1.29,0.186771,1.01,1E-06,0.003613,1.05,2.98,1.28,1,0.027574,0.007157
91,18.34,0.000531,0.218474,2.21,0.005752,11,2.66,0.133593,0.118916,0.003629,0.02032,3.7E-09,0.000377,0.258242,0.038427,2.83,1,0.018965,2.5E-05
92,5.45,0.000222,0.038044,13.38,1.05,0.916627,0.129291,0.024794,1.27,0.000145,0.001269,1.7E-07,3.5E-05,1.08,3.01,26.62,1,2.38,1.3E-05
93,18.7,0.02748,17.78,3.14,0.417923,307.75,15.33,1E-05,0.111733,0.200415,1.12,4.3E-09,0.003752,0.262203,0.0376,1.86,1,0.056557,7E-06
94,5.04,0.000554,0.213967,0.936059,0.017587,11.18,2.62,2.06,1.3,0.003712,0.021624,1.5E-07,0.00038,1.06,2.85,1.39,1,0.02696,0.005654
95,19.09,0.000229,0.038741,2.42,0.003376,1.04,0.132037,0.126321,0.140862,0.000158,0.001427,4.5E-09,3.9E-05,0.264901,0.038391,2.81,1,0.027876,2.1E-05
96,5.7,0.026616,18.27,13.64,1.12,305.09,15.93,0.026629,1.26,0.201337,1.15,1.4E-07,0.003778,1.03,3.14,27.08,1,2.49,1.6E-05
97,18.66,0.0006,0.220768,3.28,0.417052,10.44,2.53,1E-05,0.107707,0.003496,0.022506,4.3E-09,0.000353,0.299119,0.033419,1.86,1,0.063701,7E-06
98,5.79,0.00024,0.034347,0.852171,0.020019,1.21,0.142859,1.99,1.31,0.00014,0.001456,1.4E-07,3.8E-05,1.04,3.12,1.41,1,0.025038,0.005262
99,18.95,0.026662,18.17,2.48,0.003632,296.3,16.7,0.116388,0.107529,0.197236,1.11,4.6E-09,0.003774,0.292611,0.035035,2.84,1,2.1,2.3E-05
100,5.78,0.000621,0.255962,13.56,1.02,11.09,2.58,0.033,1.31,0.003743,0.032532,1.5E-07,0.00038,1.1,3.51,26.53,1,0.055777,1.2E-05
101,18.38,0.00023,0.041129,3.55,0.419636,1,0.149137,1.5E-05,0.131228,0.00012,0.001372,4.1E-09,3.7E-05,0.261232,0.037798,1.77,1,0.025406,7E-06
102,6.14,0.02418,18.23,0.852152,0.017626,297.42,15.81,1.76,1.23,0.19794,1.15,1.4E-07,0.003909,1.03,3.4,1.33,1,2.14,0.005275
103,18.23,0.000633,0.240964,2.18,0.00362,11.5,2.39,0.114671,0.134784,0.003936,0.026859,4.2E-09,0.000413,0.303636,0.032182,3.16,1,0.058706,2.1E-05
104,5.9,0.00022,0.042302,12.18,1.01,0.869641,0.171832,0.031748,1.27,0.000117,0.001389,1.3E-07,3.5E-05,1.06,3.35,27,1,0.021126,1.6E-05
105,18.61,0.022364,19.65,3.48,0.43559,296.53,16.56,1.4E-05,0.138453,0.199005,1.18,4.1E-09,0.003767,0.350211,0.030178,2.09,0.999868,2.39,4E-06
106,5.75,0.000563,0.273818,0.91477,0.019007,11.53,2.51,2.12,1.34,0.00381,0.029765,1.5E-07,0.000425,1.12,3.51,1.45,1,0.059256,0.005345
107,18.77,0.000217,0.035444,2.19,0.003423,0.731317,0.110437,0.108246,0.16591,0.000114,0.001338,3.8E-09,3.4E-05,0.383549,0.030303,3.12,1,0.021331,2.1E-05
108,6.59,0.023619,20.95,13.96,1.15,297.93,17.09,0.035026,1.31,0.206495,1.26,1.6E-07,0.003874,1.22,3.92,27.35,1,2.52,1.4E-05
109,17.81,0.000543,0.267105,3.57,0.44043,11.41,2.58,1.4E-05,0.171526,0.003908,0.03133,5E-09,0.00045,0.37705,0.030634,2.29,1,0.057554,1E-05
110,7.06,0.00021,0.050675,0.861439,0.015824,0.616039,0.112394,2.12,1.4,0.000119,0.001506,1.6E-07,3.4E-05,1.21,3.69,1.44,1,0.022235,0.005183
111,19.12,0.022413,20.63,1.97,0.003462,298.33,16.46,0.107923,0.146894,0.212616,1.28,5E-09,0.003971,0.405304,0.028928,3.26,1,2.64,2.2E-05
112,6.86,0.000549,0.282816,14.87,1.18,11.97,2.63,0.038067,1.4,0.003879,0.032776,1.5E-07,0.000434,1.17,3.56,27.44,1,0.056656,1.1E-05
113,20.13,0.000211,0.035444,3.51,0.433993,0.56359,0.105835,1.4E-05,0.137208,0.000123,0.001521,6.4E-09,3.9E-05,0.417342,0.028109,2.38,1,0.019639,1.1E-05
114,6.71,0.019529,19.45,0.859568,0.014908,286.95,16.91,2.41,1.4,0.199053,1.13,1.3E-07,0.00349,1.18,3.64,1.47,0.996536,1.23,0.005393
115,19.61,0.000574,0.277311,1.98,0.003342,12.04,2.72,0.1074,0.143389,0.003751,0.032839,4.7E-09,0.000435,0.40747,0.027891,3.33,1,0.053046,2.6E-05
116,7.31,0.000216,0.036467,16.11,1.27,0.539657,0.125812,0.03078,1.39,0.000119,0.001305,1.4E-07,4.1E-05,1.23,3.81,25.98,1,0.022281,1.4E-05
117,19.02,0.022617,24.2,3.25,0.425111,295.45,16.37,2.4E-05,0.146591,0.211949,1.07,4E-09,0.003745,0.445752,0.031855,2.57,1,0.00492,7E-06
118,9,0.000674,0.259362,0.87374,0.015038,12.07,2.54,1.82,1.41,0.003745,0.033629,1.5E-07,0.000441,1.31,3.91,1.5,1,1.25,0.005794
119,18.99,0.000211,0.036542,2,0.00284,0.567702,0.12511,0.180937,0.146551,0.000118,0.00141,4.2E-09,4.1E-05,0.443965,0.031769,3.55,1,0.05544,2.6E-05
120,14.34,0.022619,23.44,9.58,0.516107,300.19,16.67,0.01961,1.51,0.212676,1.2,1.7E-07,0.003667,1.41,4.13,24.76,1,0.02286,1.4E-05
121,19.44,0.000556,0.264154,2.89,0.252235,12.18,2.5,1.93,0.123591,0.003705,0.032449,4.6E-09,0.000451,0.445635,0.031822,2.21,1,0.005992,0.004639
122,18.36,0.000202,0.031525,0.957048,0.043107,0.447329,0.123532,0.165243,1.27,0.000117,0.001491,8.6E-07,4.5E-05,1,5.36,1.5,1,1.28,2.6E-05
123,19.37,0.021902,21.35,3.19,0.00677,304.01,15.97,0.019884,0.103539,0.215947,1.27,3.1E-09,0.003794,0.149624,0.054847,3.45,1,0.053451,1.4E-05
124,13.43,0.000495,0.258245,10.12,0.500381,12.1,2.44,1.93,1.29,0.003738,0.029905,5E-09,0.000442,0.935901,4.82,36,1,0.024648,0.004736
125,20.66,0.000208,0.037553,3.09,0.257605,0.434829,0.127369,0.145975,0.360949,0.000117,0.001415,8.8E-07,4E-05,0.163474,0.059511,2.07,1,0.004947,2.7E-05
126,12.28,0.023036,21.17,0.870561,0.037099,308.09,15.44,0.016564,1.53,0.220531,1.35,3.2E-09,0.004019,1.15,6.47,1.6,1,1.31,1.5E-05
127,26.01,0.000536,0.268188,3.07,0.008636,12.02,2.35,3E-06,0.36053,0.003803,0.028412,4.9E-09,0.000437,0.165117,0.054205,3.9,1,0.058776,0.004749
128,3.69,0.000192,0.03466,9.88,0.490882,0.489014,0.126844,1.9,1.49,0.000108,0.001378,9.1E-07,5E-05,1.18,5.38,25.57,1,0.024002,2.5E-05
129,1.51,0.022401,20.73,3.15,0.26551,314.32,16.48,0.161669,0.180792,0.220316,1.43,3.2E-09,0.004245,0.181619,0.05809,1.88,1,0.00679,1.3E-05
130,24.28,0.000504,0.263419,0.897914,0.037559,12.59,2.42,0.015937,1.42,0.003875,0.033402,5.4E-09,0.000396,1.1,4.56,1.53,1,1.34,0.004459
131,3.63,0.000202,0.041873,2.88,0.008389,0.517734,0.130844,4E-06,0.367608,0.000124,0.001374,8.1E-07,5E-05,0.148442,0.062763,3.8,1,0.061915,2.4E-05
132,1.78,0.022966,20.61,11.16,0.522192,317.08,18.52,1.95,1.3,0.218207,1.31,3.4E-09,0.004419,1.05,4.79,25.92,0.999335,0.023193,1.1E-05
133,28.56,0.000524,0.254096,3.54,0.272543,12.01,2.38,0.166782,0.370801,0.003814,0.031273,5.7E-09,0.000405,0.141849,0.067294,2.09,1,0.006978,0.004905
134,3.7,0.000211,0.041775,0.764659,0.041434,0.547178,0.15307,0.015717,1.25,0.000124,0.001426,8E-07,4.3E-05,0.94505,4.25,1.51,1,1.31,2.5E-05
135,1.74,0.02455,20.39,3.12,0.00894,333.38,17.62,3.2E-05,0.333202,0.223181,1.37,3.1E-09,0.004302,0.124169,0.068121,3.8,0.99801,0.062305,1.4E-05
136,28.78,0.000513,0.278848,8.52,0.54487,11.95,2.56,2.07,1.23,0.003988,0.031433,5.5E-09,0.000414,0.959156,4,38.35,1,0.02364,0.005028
137,4.31,0.000196,0.037768,3.77,0.27747,0.536495,0.188214,0.170469,0.11892,0.000117,0.001371,8.2E-07,4.5E-05,0.110585,0.065426,2.03,1,0.006764,2.6E-05
138,1.72,0.024303,22.13,0.814794,0.035708,336.6,18.11,0.016823,1.24,0.2073,1.44,2.9E-09,0.004155,1.01,3.73,1.61,0.999242,1.4,1.3E-05
139,27.21,0.000543,0.264536,3.58,0.008545,11.98,2.57,3.2E-05,0.120218,0.004003,0.027876,5.2E-09,0.000429,0.11274,0.066165,3.54,1,0.055471,0.004905
140,4.16,0.000196,0.029732,8.31,0.520488,0.561878,17.06,2.17,1.23,0.000113,0.001386,7E-07,3.8E-05,0.891775,3.46,27.37,1,0.023967,2.6E-05
141,1.67,0.026285,23.25,3.47,0.281863,339.63,2.58,0.161044,1.23,0.210581,1.56,3.4E-09,0.004138,0.113483,0.069432,2.25,0.999709,0.007671,1.4E-05
142,28.34,0.000544,0.287989,0.765071,0.029269,11.94,16.82,0.014669,0.083006,0.004275,0.028808,5.4E-09,0.000437,0.908268,3.48,1.55,0.999999,1.4,0.005153
143,4.22,0.000193,0.041439,3.52,0.008692,0.522968,2.28,7E-06,1.21,0.000116,0.001376,6.1E-07,3.5E-05,0.115479,0.075914,3.67,1,0.054277,2.6E-05
144,1.59,0.02167,23.35,8.52,0.593678,338.76,17.07,2.2,0.082723,0.211569,1.56,3.4E-09,0.004265,0.911719,3.46,40.2,1,0.021507,1.3E-05
145,28.55,0.000514,0.294865,3.85,0.345352,11.96,2.34,0.16134,1.17,0.004128,0.027752,5.7E-09,0.000428,0.128057,0.079627,2.16,1,0.009095,0.005463
146,4.22,0.000179,0.040773,0.813605,0.029709,0.607655,17.96,0.013805,0.090509,0.000119,0.001361,6.2E-07,4E-05,0.917951,3.5,1.67,1,1.31,2.6E-05
147,1.51,0.02296,22.35,3.53,0.008683,304.14,2.39,1.8E-05,1.21,0.206147,1.63,3.3E-09,0.004474,0.114691,0.086462,3.9,0.997423,0.061263,1.3E-05
148,25.77,0.000593,0.244579,8.35,0.607522,11.93,23.39,2.14,0.090511,0.004045,0.02691,5.7E-09,0.000428,0.894508,3.36,24.28,1,0.023772,0.005141
149,4.37,0.000189,0.042547,3.83,0.28938,0.62603,2.19,0.158818,1.25,0.000117,0.001396,5.1E-07,3.7E-05,0.102415,0.084937,2.32,1,0.011331,2E-05
