,agoras-tokens,augur,bitcoin,bitshares,dogecoin,einsteinium,monero,nxt,peercoin,ripple,syscoin
0,0.391041,21.19,4338.71,0.085699,0.001145,0.135851,95.76,0.076488,1.31,0.197529,0.163465
1,0.135377,12.19,609.74,0.004837,0.000235,0.001586,8.41,0.012146,0.306292,0.00883,0.009068
2,0.118549,20.64,236.06,0.006251,0.000123,0.000108,0.399882,0.008176,0.384913,0.00552,0.000362
3,0.383526,11.26,386.94,0.032881,0.000399,0.000302,1.22,0.028252,0.998371,0.004644,0.001493
4,0.134504,22.23,133,0.082354,0.001082,0.127307,94.5,0.071052,0.28063,0.010932,0.158237
5,0.410452,10.28,4163.07,0.004872,0.000231,0.001581,8.71,0.012835,1.26,0.193606,0.009346
6,0.133055,20.98,605.69,0.006417,0.000121,0.000101,0.435817,0.008323,0.310154,0.008914,0.000362
7,0.125336,10.67,236.69,0.030984,0.000396,0.000204,1.15,0.027248,0.389774,0.005579,0.001424
8,0.38413,18.82,375.47,0.087078,0.00108,0.135998,97.23,0.072449,0.966338,0.004705,0.163082
9,0.136521,10.59,137.34,0.004986,0.000229,0.001651,9.4,0.013583,0.265066,0.012868,0.009611
10,0.122498,18.81,4174.73,0.006273,0.000124,1E-04,0.448998,0.009037,1.33,0.196131,0.000381
11,0.369826,11.72,604.73,0.031776,0.000392,0.000204,1.22,0.028647,0.303728,0.009048,0.001372
12,0.145954,17.84,239.14,0.088603,0.001173,0.104591,101.04,0.074724,0.392302,0.006293,0.17103
13,0.119464,10.36,377.18,0.005107,0.000228,0.001655,9.31,0.0144,0.965437,0.005282,0.009519
14,0.375515,18,134.78,0.006347,0.000122,9.6E-05,0.43771,0.009042,0.261473,0.013835,0.000365
15,0.143756,11.94,4200.67,0.033868,0.000375,0.00022,1.31,0.031015,1.41,0.203299,0.001562
16,0.116584,17.01,606.17,0.079328,0.001151,0.082198,93.13,0.06571,0.305347,0.008229,0.160996
17,0.346913,11.63,232.76,0.005188,0.000229,0.001631,9.4,0.015034,0.380515,0.006536,0.009937
18,0.127811,17.13,399.52,0.00633,0.000123,9.5E-05,0.445105,0.008994,1.07,0.004705,0.000358
19,0.115694,10.27,133.78,0.033929,0.000451,0.000228,1.39,0.031942,0.227426,0.014566,0.001514
20,0.365433,18.5,3892.35,0.081056,0.001141,0.083033,93.64,0.063894,1.3,0.186119,0.151396
21,0.131864,12.12,608.04,0.005128,0.000225,0.001639,10.24,0.01618,0.307611,0.007963,0.0104
22,0.109915,18.46,234.34,0.005934,0.000122,9.9E-05,0.451515,0.008804,0.376018,0.006501,0.000372
23,0.352812,12.12,404.43,0.030783,0.000375,0.000239,1.4,0.030945,1.08,0.004616,0.001593
24,0.131574,19.02,128.38,0.069554,0.000892,0.062497,89.5,0.059606,0.211827,0.011713,0.139399
25,0.109941,9.88,3926.07,0.004989,0.000226,0.001626,10.63,0.015271,1.32,0.181487,0.009953
26,0.367939,17.64,600.83,0.005881,0.000124,9.9E-05,0.468678,0.008709,0.306246,0.007855,0.000372
27,0.129649,9.82,235.14,0.030656,0.000348,0.000269,1.51,0.031989,0.390814,0.00665,0.001662
28,0.104525,17.67,411.57,0.070597,0.000954,0.06437,91.85,0.061825,1.15,0.004722,0.144645
29,0.344048,10.93,128.22,0.005,0.000224,0.001663,10.77,0.015359,0.196177,0.010433,0.010475
30,0.124968,18.31,3682.84,0.006384,0.000124,9.6E-05,0.464606,0.009305,1.24,0.175787,0.000366
31,0.102663,12.15,602.63,0.032094,0.000313,0.000247,1.47,0.033011,0.309945,0.007362,0.001502
32,0.357553,15.76,234.53,0.069211,0.000772,0.062089,88.17,0.058817,0.385741,0.00671,0.14544
33,0.129757,9.89,423.2,0.004992,0.000228,0.001599,10.16,0.016083,1.2,0.004668,0.010618
34,0.102387,20.59,127.25,0.006093,0.000126,9.9E-05,0.471829,0.008838,0.192147,0.010448,0.00037
35,0.371824,11.33,3792.4,0.030651,0.000298,0.00023,1.26,0.03193,1.3,0.177882,0.00126
36,0.129989,21.23,602.84,0.069107,0.000755,0.059906,86.24,0.059259,0.30703,0.007211,0.147306
37,0.0882,11.67,230.28,0.005084,0.000231,0.001701,9.92,0.016298,0.391747,0.006668,0.010712
38,0.31649,20.92,435.79,0.006693,0.00013,9.3E-05,0.480452,0.008449,1.17,0.004613,0.00036
39,0.115772,9.71,125.95,0.030029,0.000288,0.000241,1.27,0.029748,0.186406,0.010008,0.001338
40,0.080588,21.55,3630.7,0.079108,0.000862,0.057201,95.57,0.067742,1.29,0.17351,0.16686
41,0.289031,9.98,596.3,0.00499,0.000232,0.001706,11.15,0.015336,0.304713,0.006843,0.010855
42,0.123275,22.28,230.62,0.007109,0.000126,9.3E-05,0.485971,0.008392,0.383145,0.007168,0.00038
43,0.07364,9.97,402.15,0.031173,0.000292,0.000259,1.27,0.029902,1.49,0.004657,0.001609
44,0.269516,22.26,129.12,0.079411,0.00089,0.050999,97.72,0.068958,0.19368,0.010406,0.173756
45,0.121446,4.95,3631.04,0.005182,0.000236,0.00156,10.56,0.01669,1.2,0.171754,0.010793
46,0.102747,23.79,597.15,0.005874,0.000126,9.5E-05,0.496418,0.008483,0.313722,0.006829,0.000389
47,0.238599,10.57,227.09,0.03002,0.000277,0.000236,1.45,0.029643,0.376936,0.007247,0.001556
48,0.125302,23.79,398.82,0.089771,0.000947,0.06663,100.57,0.076242,1.49,0.00457,0.187546
49,0.105386,11.9,127.43,0.005188,0.00024,0.001612,9.45,0.017213,0.188596,0.0097,0.011374
50,0.30495,22.94,3905.95,0.005748,0.000127,0.000107,0.50044,0.008232,1.36,0.182078,0.000377
51,0.124155,10.31,608.31,0.031145,0.000298,0.00023,1.57,0.033117,0.314436,0.006785,0.001477
52,0.104842,21.81,231.21,0.071629,0.000853,0.047159,93.74,0.067395,0.391064,0.007637,0.17909
53,0.349635,10.34,408.9,0.005131,0.000236,0.001489,9.68,0.018094,1.64,0.004772,0.011215
54,0.130675,24.91,127.04,0.005228,0.000125,0.000108,0.494782,0.00826,0.186749,0.010113,0.000369
55,0.101996,6.58,3924.97,0.031356,0.000268,0.000315,1.77,0.034975,1.4,0.184041,0.00128
56,0.31252,24.24,609.23,0.072316,0.000867,0.036413,95.29,0.063342,0.31622,0.006858,0.185596
57,0.127407,9.21,231.49,0.00537,0.00025,0.001627,8.91,0.018111,0.386373,0.007482,0.011555
58,0.10203,28.59,394.8,0.004974,0.000124,0.000102,0.509974,0.008222,1.22,0.004942,0.000368
59,0.324118,9.16,129.65,0.034058,0.000294,0.000313,1.84,0.037837,0.197068,0.010958,0.001152
60,0.12041,17.59,4065.2,0.075739,0.000865,0.036838,99.85,0.065516,1.49,0.189768,0.200703
61,0.115118,4.45,609.87,0.005447,0.000233,0.001663,9.41,0.020093,0.316921,0.006853,0.011607
62,0.326986,1.57,232.97,0.004625,0.000126,0.000101,0.502379,0.008122,0.388205,0.007529,0.000366
63,0.13703,17.17,424.44,0.033437,0.000326,0.000337,1.9,0.037264,1.69,0.005135,0.001155
64,0.124591,4.65,131.47,0.07638,0.000854,0.036309,83.04,0.054695,0.193084,0.010782,0.142547
65,0.338118,1.69,3582.88,0.00573,0.000226,0.001637,10.51,0.019886,1.32,0.178393,0.011812
66,0.138504,17.7,605.98,0.004173,0.000125,0.000103,0.482289,0.008205,0.318208,0.007018,0.000367
67,0.163826,4.11,229.81,0.036723,0.000345,0.000315,1.82,0.037692,0.390413,0.007372,0.001059
68,0.3849,1.62,457.33,0.113004,0.001398,0.039431,111.33,0.076776,1.54,0.005399,0.225008
69,0.126553,17.27,131.66,0.005603,0.000225,0.001578,10.88,0.020054,0.19749,0.009613,0.011986
70,0.386612,4.43,3625.04,0.004276,0.000126,0.000109,0.462865,0.008077,1.23,0.179082,0.000368
71,0.130259,1.52,606.97,0.037656,0.000267,0.000353,1.85,0.041259,0.326811,0.007446,0.001044
72,0.159049,17.54,229.09,0.120208,0.00144,0.02876,111.89,0.084199,0.349095,0.007426,0.277082
73,0.349711,5.01,466.06,0.005328,0.000226,0.001422,10.03,0.02003,1.08,0.005124,0.011579
74,0.132534,1.47,131.72,0.004319,0.000127,1E-04,0.465473,0.008081,0.193628,0.007056,0.000357
75,0.155935,17.9,3637.52,0.038572,0.000205,0.000326,1.88,0.042218,1.15,0.181358,0.00115
76,0.315336,5.1,607.15,0.11317,0.001463,0.03436,112.75,0.082828,0.311282,0.008303,0.332996
77,0.120126,17.94,230.3,0.004955,0.000226,0.001378,10.69,0.019888,0.355721,0.00772,0.011658
78,0.15025,4.8,475.37,0.004211,0.000131,0.000107,0.495325,0.008483,0.806403,0.00505,0.000389
79,0.394838,17.66,130.37,0.039063,0.000204,0.000328,1.94,0.041038,0.194251,0.006472,0.001208
80,0.130962,5.13,3154.95,0.101345,0.001395,0.034576,112.33,0.084298,1.13,0.164167,0.276089
81,0.148987,16.29,610.68,0.005146,0.000227,0.001519,12.23,0.020751,0.309349,0.005961,0.011838
82,0.419339,5.29,230.64,0.004269,0.000129,0.000114,0.497247,0.008558,0.350443,0.007404,0.0004
83,0.143799,16.85,477.89,0.040865,0.000186,0.00038,1.97,0.039558,0.79827,0.005136,0.001163
84,0.142958,5.33,129.22,0.111051,0.001568,0.035932,116.27,0.088337,0.19383,0.00634,0.297113
85,0.439105,16.84,3882.59,0.005021,0.00023,0.001681,12.43,0.020501,1.4,0.200778,0.011306
86,0.13836,5.41,609.24,0.004479,0.00013,0.000111,0.506011,0.008445,0.319742,0.005886,0.000403
87,0.145655,17.56,230.51,0.037151,0.000195,0.000267,1.77,0.036563,0.335274,0.008532,0.001155
88,0.328817,5.11,479,0.110796,0.001596,0.036012,118.04,0.08752,0.782664,0.004706,0.284619
89,0.080519,18.15,134.98,0.005514,0.000228,0.002251,12.74,0.02114,0.20382,0.006513,0.011656
90,0.324097,5.24,4130.81,0.00435,0.000131,0.00011,0.517402,0.008501,1.49,0.209303,0.000425
91,0.099896,18.34,608.24,0.038584,0.000175,0.000264,1.87,0.036888,0.320562,0.005897,0.00114
92,0.316519,5.45,235.23,0.142661,0.001927,0.039437,120.84,0.103844,0.350013,0.008197,0.313873
93,0.071482,18.7,477.75,0.005104,0.000242,0.001382,11.83,0.02147,0.743973,0.004713,0.01209
94,0.320285,5.04,133.13,0.004827,0.00013,0.000112,0.499452,0.008494,0.20502,0.006349,0.000419
95,0.096197,19.09,4161.27,0.03267,0.000188,0.000275,1.88,0.037189,1.43,0.214441,0.001305
96,0.332392,5.7,606.72,0.16014,0.002019,0.039971,121.63,0.106607,0.309334,0.005842,0.314341
97,0.08807,18.66,240.11,0.005257,0.000241,0.001372,12.46,0.021989,0.39098,0.008444,0.012233
98,0.095055,5.79,479.75,0.004681,0.000132,0.000113,0.505111,0.008569,0.729107,0.004749,0.000367
99,0.328996,18.95,135.25,0.032635,0.000211,0.000324,1.95,0.036257,0.21099,0.006273,0.001443
100,0.091406,5.78,4122.94,0.122084,0.001908,0.040176,118.82,0.09072,1.42,0.213031,0.267107
101,0.094115,18.38,623.51,0.005447,0.000236,0.00125,13.96,0.02047,0.336045,0.00587,0.012064
102,0.336706,6.14,238.48,0.005072,0.00013,0.000105,0.481594,0.00803,0.397609,0.007663,0.000369
103,0.097272,18.23,479.36,0.032433,0.000163,0.000321,1.98,0.034626,0.73611,0.00475,0.001295
104,0.312211,5.9,125.91,0.110996,0.001786,0.040082,106.17,0.088583,0.187606,0.005808,0.200741
105,0.107567,18.61,4226.06,0.005409,0.000235,0.00126,13.39,0.019959,1.53,0.209995,0.011537
106,0.092769,5.75,622.86,0.00332,0.000125,0.000105,0.467874,0.008027,0.323516,0.005869,0.000347
107,0.293925,18.77,238.17,0.031402,0.000157,0.000169,2.05,0.029254,0.390881,0.007678,0.001533
108,0.10806,6.59,475.26,0.14144,0.002153,0.046292,126.01,0.106711,0.717387,0.004719,0.219417
109,0.092218,17.81,127.11,0.005327,0.000236,0.00125,10.59,0.021362,0.186852,0.00627,0.012516
110,0.31394,7.06,4228.75,0.003249,0.000122,0.00011,0.45929,0.007875,1.53,0.211518,0.00038
111,0.10842,19.12,626.32,0.03259,0.00014,0.000162,2.03,0.028861,0.319105,0.005902,0.001516
112,0.324401,6.86,243.61,0.148976,0.002226,0.045363,124.8,0.106538,0.417071,0.007831,0.189056
113,0.102371,20.13,474.6,0.005707,0.000235,0.00129,10.21,0.022235,0.699713,0.004711,0.010262
114,0.32466,6.71,121.66,0.003413,0.000126,0.000101,0.468083,0.008289,0.18614,0.006183,0.000414
115,0.106006,19.61,4599.88,0.027696,0.000132,0.000136,1.96,0.028283,1.82,0.22364,0.001443
116,0.097853,7.31,614.54,0.169329,0.002543,0.047623,141.2,0.119231,0.337485,0.005892,0.205573
117,0.320621,19.02,239.85,0.005838,0.000232,0.001243,8,0.023075,0.393598,0.007918,0.009544
118,0.121052,9,482.28,0.003353,0.000127,1E-04,0.458517,0.008048,0.721973,0.004704,0.000362
119,0.096238,18.99,124.15,0.028243,0.000131,0.000116,2.04,0.027111,0.194916,0.006173,0.001555
120,0.370578,14.34,4597.12,0.073222,0.001124,0.06812,87.64,0.05826,1.92,0.226186,0.211956
121,0.121895,19.44,610.44,0.004173,0.00022,0.001316,5.12,0.006495,0.33788,0.005912,0.008318
122,0.108687,18.36,239.84,0.004222,0.000137,9.9E-05,0.404538,0.007199,0.368208,0.007891,0.000477
123,0.285505,19.37,484.83,0.017352,0.000236,0.000239,0.607218,0.019422,0.741124,0.004795,0.000628
124,0.122515,13.43,119.15,0.056903,0.001151,0.067406,88.84,0.058622,0.183373,0.005866,0.244843
125,0.112428,20.66,4376.53,0.004239,0.000223,0.001325,5.57,0.006636,1.72,0.215189,0.008211
126,0.287174,12.28,606.59,0.004577,0.000151,9E-05,0.456442,0.007762,0.34045,0.005932,0.000503
127,0.123772,26.01,235.02,0.01825,0.000238,0.000194,0.614064,0.020227,0.353063,0.00786,0.000679
128,0.115385,3.69,483.34,0.054771,0.001173,0.062944,88.65,0.059357,0.715205,0.004874,0.239735
129,0.2985,1.51,126.43,0.004062,0.000223,0.001158,5.14,0.006352,0.185515,0.005715,0.008071
130,0.124502,24.28,4236.31,0.004198,0.000141,9.1E-05,0.447103,0.008125,1.48,0.204968,0.000464
131,0.129834,3.63,608.63,0.020723,0.000242,0.000189,0.63306,0.019978,0.350541,0.005954,0.000643
132,0.289412,1.78,230.3,0.051667,0.001037,0.065353,86.31,0.058275,0.333499,0.007355,0.260334
133,0.126141,28.56,489.66,0.004126,0.000216,0.001301,5.73,0.006747,0.767344,0.004805,0.007848
134,0.128397,3.7,126.74,0.004166,0.000126,9.2E-05,0.448829,0.007265,0.181238,0.005695,0.00044
135,0.272417,1.74,4582.96,0.021988,0.000256,0.00021,0.689257,0.021254,1.83,0.228811,0.000705
136,0.125604,28.78,598.21,0.052926,0.001052,0.068132,86.75,0.059179,0.344488,0.005964,0.23148
137,0.125935,4.31,227.18,0.004303,0.000217,0.001449,6.21,0.006676,0.336219,0.007431,0.008302
138,0.254927,1.72,477.59,0.003988,0.000118,8.5E-05,0.409574,0.007125,0.722479,0.004776,0.000449
139,0.108158,27.21,136.77,0.022727,0.000251,0.000176,0.722831,0.021563,0.184639,0.00567,0.000616
140,0.258082,4.16,4578.77,0.052257,0.001051,0.067357,88.58,0.060045,1.92,0.226669,0.22332
141,0.129014,1.67,575.54,0.004421,0.000216,0.001484,6.17,0.007091,0.357441,0.00597,0.008627
142,0.129097,28.34,229.28,0.003628,0.000116,8E-05,0.38796,0.007035,0.342363,0.0077,0.00052
143,0.246228,4.22,477.43,0.022704,0.000249,0.000177,0.694402,0.021747,0.724066,0.004641,0.000616
144,0.130756,1.59,135.85,0.05229,0.001056,0.07226,88.13,0.060751,0.175247,0.005528,0.224598
145,0.129375,28.55,4892.01,0.004476,0.000219,0.001439,6.09,0.007162,2.04,0.248479,0.008911
146,0.256175,4.22,572.3,0.003713,0.000116,7.6E-05,0.407067,0.007343,0.364305,0.005984,0.000498
147,0.120029,1.51,228.12,0.022636,0.000246,0.000148,0.739802,0.021496,0.34328,0.007815,0.000751
148,0.127015,25.77,474.88,0.053069,0.001092,0.07623,88.4,0.061198,0.778685,0.005025,0.204555
149,0.292525,4.37,138.34,0.004487,0.000219,0.001544,6.42,0.007598,0.178459,0.005787,0.008324
