,agoras-tokens,byteball,bytecoin-bcn,counterparty,emercoin,golem-network-tokens,gulden,iconomi,maidsafecoin,monero,singulardtv,steem,triggers,ubiq,zcash,zclassic
0,0.391041,255.69,0.001392,11.57,0.683192,0.264662,0.125029,1.46,0.483175,95.76,0.172419,1.47,1.05,1.91,277.53,2
1,0.135377,237.73,5.5E-05,4.22,0.404772,0.261972,0.006895,0.267674,0.091615,8.41,0.163048,0.492349,0.980923,0.07806,290.12,1.96
2,0.118549,241.5,2.8E-05,0.80768,0.031884,0.272749,0.001552,1.44,0.02005,0.399882,0.167995,1.64,1.07,0.022639,310.6,2.12
3,0.383526,249.71,1.6E-05,1.94,0.004663,0.27669,0.002251,1.53,0.0202,1.22,0.177843,0.514415,1.17,0.006599,285.36,2.02
4,0.134504,220.11,0.001397,9.96,0.645319,0.258489,0.120594,1.51,0.487756,94.5,0.181959,1.43,1.17,1.71,231.47,1.93
5,0.410452,227,6E-05,4.18,0.395467,0.259158,0.007257,1.46,0.083986,8.71,0.175652,0.505285,1.13,0.083736,230.77,1.95
6,0.133055,213.76,2.5E-05,0.851062,0.035068,0.247837,0.00166,1.54,0.019698,0.435817,0.167678,1.22,1.09,0.022183,205.63,1.78
7,0.125336,223.53,1.6E-05,1.83,0.005243,0.257249,0.002003,1.47,0.019897,1.15,0.179798,0.546937,1.17,0.010567,204.21,1.73
8,0.38413,208.02,0.001429,9.92,0.676221,0.241301,0.120248,1.49,0.493983,97.23,0.175256,1.09,1.26,1.74,195.84,1.71
9,0.136521,212.07,6E-05,4.33,0.381254,0.243756,0.007227,1.37,0.082563,9.4,0.173895,0.563659,1.06,0.076241,175.65,1.71
10,0.122498,232.94,3E-05,0.868107,0.036821,0.271956,0.001798,1.34,0.020259,0.448998,0.191266,1.11,1.22,0.021229,187.86,1.72
11,0.369826,237.1,1.5E-05,1.9,0.003579,0.261374,0.00222,1.52,0.018691,1.22,0.186001,0.604818,1.1,0.012676,188.3,1.92
12,0.145954,249.91,0.00145,10.4,0.703118,0.282695,0.119708,1.54,0.518422,101.04,0.182893,1.07,1.29,1.7,193.16,2.32
13,0.119464,233.99,6.1E-05,4.64,0.389836,0.247016,0.006662,1.74,0.081824,9.31,0.171048,0.597275,1.19,0.069639,174.18,1.57
14,0.375515,238.54,2.9E-05,0.860167,0.027623,0.243028,0.001528,1.51,0.020044,0.43771,0.179409,1.08,1.14,0.022398,172.46,1.51
15,0.143756,238.88,1.6E-05,2.02,0.003108,0.247871,0.00205,1.5,0.019166,1.31,0.158062,0.484293,1.25,0.015278,181.06,1.5
16,0.116584,211.1,0.001293,10.03,0.64973,0.206726,0.113432,1.54,0.49528,93.13,0.120473,1.01,1.22,1.54,158.88,1.29
17,0.346913,268.2,6.1E-05,4.43,0.384131,0.272215,0.006685,1.27,0.084668,9.4,0.149202,0.485323,2.02,0.052392,197.22,1.64
18,0.127811,288.63,2.9E-05,0.81413,0.034646,0.290404,0.0015,1.58,0.020333,0.445105,0.15072,1.01,2.38,0.022017,207.77,1.76
19,0.115694,284.36,1.7E-05,2.03,0.003033,0.299268,0.002508,1.73,0.0203,1.39,0.160537,0.418853,1.18,0.014974,208.77,1.79
20,0.365433,285.25,0.001307,9.97,0.620475,0.323035,0.116507,1.69,0.504641,93.64,0.167029,1.12,0.918326,1.59,212.91,1.88
21,0.131864,291.39,6.4E-05,5.05,0.385347,0.344498,0.00586,1.87,0.085326,10.24,0.13744,0.450762,0.970319,0.048624,213.79,2.02
22,0.109915,301.44,2.8E-05,0.827502,0.03812,0.360461,0.001586,1.98,0.020501,0.451515,0.125973,1.09,1.08,0.02211,213.99,2.2
23,0.352812,321.96,1.7E-05,2.06,0.002915,0.402176,0.002835,1.93,0.020607,1.4,0.149466,0.478526,1.31,0.012484,247.31,2.09
24,0.131574,322.51,0.001219,9.94,0.588074,0.451712,0.109203,2.23,0.475649,89.5,0.152371,1.22,0.91714,1.52,247.01,2.23
25,0.109941,347.9,6E-05,5.05,0.384052,0.345685,0.006494,2.25,0.086298,10.63,0.146619,0.52353,0.821186,0.052423,226.88,2.27
26,0.367939,343.47,3.3E-05,0.870585,0.029295,0.301788,0.001345,2.09,0.020167,0.468678,0.113423,1.09,0.835226,0.023144,218.34,1.89
27,0.129649,367.22,1.8E-05,2.1,0.003705,0.361347,0.002724,2.11,0.021063,1.51,0.135326,0.528477,0.95812,0.011879,260.09,2.49
28,0.104525,368.93,0.001274,10.01,0.599213,0.330569,0.113076,2.48,0.489933,91.85,0.142019,1.12,0.753198,1.48,254.03,2.68
29,0.344048,383.75,6E-05,5.3,0.387971,0.378419,0.00636,2.49,0.085741,10.77,0.147879,0.514227,1.03,0.053353,305.11,3.31
30,0.124968,218.18,3.3E-05,0.864736,0.03009,0.198555,0.001184,2.99,0.019276,0.464606,0.132961,1.14,0.697228,0.022953,233.01,1.84
31,0.102663,214.21,1.8E-05,2.17,0.003707,0.191735,0.002949,1.01,0.021609,1.47,0.011846,0.509801,0.020328,0.01347,1624.58,1.9
32,0.357553,213.73,0.001139,9.67,0.561949,0.189639,0.106939,0.12191,0.459998,88.17,0.139801,0.994543,0.640815,1.43,241.22,1.86
33,0.129757,191.79,6.4E-05,5.13,0.386913,0.197054,0.006132,1.03,0.084537,10.16,0.011693,0.573209,0.018677,0.055248,574.82,1.83
34,0.102387,203.28,3.3E-05,0.876154,0.022284,0.20472,0.001193,0.124068,0.020516,0.471829,0.142829,1.23,0.630003,0.022578,234.33,1.77
35,0.371824,191.43,1.6E-05,2.05,0.004007,0.194259,0.002767,1.17,0.020127,1.26,0.010706,0.590609,0.016845,0.012624,2044.47,1.81
36,0.129989,203.6,0.001136,9.47,0.568891,0.202158,0.107157,0.113883,0.477865,86.24,0.146387,1.22,0.704409,1.43,231.07,1.79
37,0.0882,181.24,6E-05,5.6,0.3903,0.199057,0.006047,1.15,0.086662,9.92,0.010792,0.630221,0.024745,0.059117,244.52,1.72
38,0.31649,173.85,3.7E-05,0.859928,0.024716,0.19286,0.001112,0.123524,0.020181,0.480452,0.149951,1.23,0.724215,0.021284,233.67,1.59
39,0.115772,189.63,1.7E-05,2.1,0.002576,0.201134,0.00275,1.19,0.019276,1.27,0.012817,0.641134,0.028634,0.011169,217.69,1.71
40,0.080588,189.31,0.001272,10.72,0.641984,0.204678,0.116936,0.13843,0.568158,95.57,0.161062,1.32,0.755984,1.59,216.04,1.76
41,0.289031,201.07,6.7E-05,5.24,0.384242,0.221913,0.006088,1.19,0.083826,11.15,0.013595,0.71776,0.033305,0.061202,206.52,1.92
42,0.123275,212.35,3.6E-05,0.896094,0.027198,0.254141,0.0011,0.169119,0.020733,0.485971,0.141764,1.4,1.12,0.022138,213.73,2.66
43,0.07364,190.18,1.6E-05,2.01,0.002858,0.217408,0.003345,1.27,0.018162,1.27,0.013895,0.640861,0.032288,0.012848,212.46,1.5
44,0.269516,178.09,0.001324,11.71,0.645111,0.219275,0.117136,0.177921,0.556714,97.72,0.133853,1.37,0.666619,1.58,222.52,1.54
45,0.121446,175.31,6.7E-05,4.33,0.388284,0.211233,0.006088,1.28,0.091622,10.56,0.013572,0.634152,0.043508,0.063927,230.07,1.65
46,0.102747,173.65,3.8E-05,0.896926,0.029619,0.203874,0.001021,0.454364,0.020845,0.496418,0.128714,1.56,0.556106,0.021648,229.3,1.68
47,0.238599,186.77,1.7E-05,1.97,0.003411,0.208379,0.002948,1.15,0.018023,1.45,0.013969,0.739936,0.044911,0.013006,231.28,1.68
48,0.125302,175.3,0.001426,12.19,0.664019,0.211183,0.124325,0.269399,0.589092,100.57,0.139072,1.56,0.623688,1.73,233.01,1.7
49,0.105386,167.73,6.8E-05,4.84,0.398568,0.213099,0.005882,1.17,0.095202,9.45,0.014454,0.77924,0.039267,0.060387,232.63,1.83
50,0.30495,170.23,4.6E-05,0.860981,0.046605,0.233593,0.00101,0.157751,0.020887,0.50044,0.13196,1.34,0.634313,0.022049,240.89,1.79
51,0.124155,163.89,2E-05,2.03,0.004202,0.221501,0.002698,1.16,0.018732,1.57,0.013884,0.806667,0.039286,0.013344,240.05,1.64
52,0.104842,149.3,0.001276,11.91,0.674043,0.193398,0.112649,0.220825,0.533679,93.74,0.14592,1.17,0.560317,1.61,227,1.63
53,0.349635,154.28,7.2E-05,5.25,0.402881,0.196629,0.005969,1.25,0.092253,9.68,0.014738,0.823902,0.036274,0.059971,236.13,1.82
54,0.130675,180.46,4.6E-05,0.870664,0.019945,0.221711,0.001009,0.207394,0.020662,0.494782,0.155255,1.39,0.585695,0.021414,235.66,1.92
55,0.101996,193.24,1.6E-05,2.36,0.003669,0.233535,0.003267,1.32,0.020251,1.77,0.013935,0.823506,0.023285,0.016778,229.49,2.01
56,0.31252,203.22,0.001259,10.42,0.788043,0.230674,0.118668,0.180959,0.535006,95.29,0.157986,1.34,0.726748,1.58,241.06,2.02
57,0.127407,194.6,6.7E-05,5.35,0.400352,0.245785,0.00736,1.4,0.093172,8.91,0.014092,0.822189,0.022048,0.059804,253.98,2.05
58,0.10203,214.98,4.6E-05,0.91584,0.020391,0.245505,0.000996,0.185008,0.020204,0.509974,0.148898,1.59,0.557794,0.021903,257.61,2.27
59,0.324118,224.27,1.7E-05,2.24,0.003515,0.255418,0.004262,1.39,0.019682,1.84,0.013203,0.814077,0.017495,0.020972,254.82,2.21
60,0.12041,262.58,0.001304,10.27,0.556243,0.258588,0.123806,0.188562,0.543111,99.85,0.161781,0.943716,0.529972,1.6,237.91,2.18
61,0.115118,237.93,6.6E-05,4.43,0.393819,0.290002,0.0062,1.44,0.096942,9.41,0.013468,0.131459,0.019563,0.070636,252.94,1.93
62,0.326986,239.92,4.7E-05,0.892168,0.018456,0.013339,0.001123,0.275895,0.021046,0.502379,0.146518,0.970985,0.625513,0.021708,257.6,0.745623
63,0.13703,273.52,1.7E-05,2.37,0.003794,0.263486,0.004289,1.48,0.019656,1.9,0.013316,0.131225,0.020156,0.023555,263.94,1.9
64,0.124591,287.09,0.001194,8.91,0.45872,0.013252,0.099666,0.223526,0.408422,83.04,0.149509,0.972884,0.420538,1.32,308.49,0.729315
65,0.338118,264.47,6.1E-05,4.81,0.397468,0.345754,0.004895,1.57,0.097745,10.51,0.01453,0.131963,0.019532,0.064471,68.69,2.07
66,0.138504,260.66,5.1E-05,0.905034,0.023424,0.011766,0.000876,0.233744,0.020891,0.482289,0.144757,0.941843,0.4607,0.023546,306.07,1
67,0.163826,262.66,1.7E-05,2.44,0.004062,0.330351,0.004365,1.48,0.01963,1.82,0.012736,0.154522,0.019244,0.019383,68.72,2.04
68,0.3849,274.66,0.001544,11.94,0.775586,0.012349,0.118905,0.312025,0.535843,111.33,0.14155,0.989806,0.46131,1.7,371.24,1.18
69,0.126553,252.55,6.1E-05,3.83,0.397955,0.274905,0.004744,1.42,0.098242,10.88,0.013347,0.14225,0.020778,0.058479,70.96,1.99
70,0.386612,227.17,5.4E-05,0.93885,0.020123,0.012869,0.00087,0.241117,0.02105,0.462865,0.151975,0.963551,0.562794,0.023817,347.51,1.48
71,0.130259,236.1,1.7E-05,2.32,0.004184,0.253609,0.004355,1.51,0.019294,1.85,0.015277,0.154051,0.020611,0.019128,69.83,1.99
72,0.159049,249.5,0.001772,13.03,0.781306,0.011125,0.120963,0.22117,0.597057,111.89,0.151887,0.998517,0.571627,1.78,340.14,1.54
73,0.349711,234.81,6.7E-05,3.77,0.404743,0.246793,0.004267,1.51,0.099498,10.03,0.015487,0.17494,0.54619,0.061248,77.3,1.88
74,0.132534,234.75,5.8E-05,0.904803,0.020727,0.011452,0.000896,0.278547,0.020953,0.465473,0.142764,0.993993,0.467754,0.024553,344.7,1.29
75,0.155935,216.69,1.8E-05,2.43,0.004061,0.230846,0.004695,1.53,0.019433,1.88,0.016044,0.189853,0.631481,0.018313,91.33,1.76
76,0.315336,237.26,0.001767,12.87,0.755877,0.010432,0.126186,0.366967,0.622159,112.75,0.138494,0.926321,0.688089,1.89,346.36,1.29
77,0.120126,239.22,6.1E-05,3.46,0.405535,0.231549,0.003945,1.56,0.101593,10.69,0.017474,0.200849,0.835768,0.071401,97.19,1.84
78,0.15025,206.9,6.1E-05,0.994546,0.019947,0.013517,0.00087,0.343605,0.021638,0.495325,0.163895,0.974535,0.932806,0.025263,311.55,1.44
79,0.394838,164.51,1.7E-05,2.25,0.006152,0.217997,0.005296,1.68,0.01921,1.94,0.016154,0.228142,1,0.023313,77.56,1.68
80,0.130962,159.3,0.001565,11.31,0.733691,0.014149,0.118546,0.444327,0.615799,112.33,0.17178,0.974472,1.05,2.04,319.73,1.98
81,0.148987,175.53,5.6E-05,3.26,0.425343,0.219278,0.003739,1.97,0.106867,12.23,0.019365,0.239264,0.936708,0.062687,57.9,1.71
82,0.419339,192.04,6.1E-05,0.965053,0.020776,0.014474,0.000885,0.422984,0.022518,0.497247,0.169046,1.02,1.01,0.025398,290.64,2.49
83,0.143799,177.13,1.7E-05,2.24,0.00477,0.219314,0.00471,1.77,0.019393,1.97,0.020023,0.239862,0.006257,0.02055,54.02,1.78
84,0.142958,178.37,0.001757,12.24,0.814464,0.015015,0.128261,0.535335,0.622342,116.27,0.172161,1.09,0.871103,2.2,302.17,2.68
85,0.439105,155.32,6.1E-05,3.32,0.4216,0.210481,0.003765,1.63,0.097851,12.43,0.016803,0.234489,0.006106,0.059725,60.27,1.75
86,0.13836,158.98,6.1E-05,0.910233,0.017147,0.013566,0.000881,0.338663,0.022692,0.506011,0.168415,1.07,1.1,0.024979,299.33,2.82
87,0.145655,188.83,1.8E-05,2.22,0.00404,0.207861,0.005102,1.35,0.019013,1.77,0.01867,0.244464,0.006041,0.018768,65.7,1.74
88,0.328817,226.22,0.001708,11.64,0.795924,0.209876,0.126594,0.18364,0.61679,118.04,0.152746,1.06,1.24,2.14,298.15,3.63
89,0.080519,216.93,5.6E-05,3.33,0.425675,0.21397,0.003666,1.38,0.098445,12.74,0.156803,0.251779,0.006273,0.058271,70.64,1.73
90,0.324097,223.79,6.4E-05,0.971999,0.015965,0.211439,0.000975,0.146614,0.022391,0.517402,0.123867,1.05,1.39,0.027574,291.19,4.09
91,0.099896,415.97,1.8E-05,2.21,0.005752,0.204708,0.005195,1.44,0.018975,1.87,0.009761,0.258242,0.006157,0.018965,87.64,1.89
92,0.316519,336.33,0.001979,13.38,1.05,0.189421,0.128401,0.214888,0.673047,120.84,0.119873,1.08,0.962763,2.38,294.91,4.8
93,0.071482,319.02,5.5E-05,3.14,0.417923,0.198331,0.003306,1.39,0.092228,11.83,0.009592,0.262203,0.008514,0.056557,96.95,1.86
94,0.320285,305.99,6.3E-05,0.936059,0.017587,0.197376,0.000846,0.176022,0.023715,0.499452,0.14957,1.06,0.748455,0.02696,290.56,4.13
95,0.096197,270.95,1.8E-05,2.42,0.003376,0.21536,0.004923,1.31,0.019154,1.88,0.010146,0.264901,0.009069,0.027876,109.34,1.84
96,0.332392,292.03,0.002028,13.64,1.12,0.206634,0.136549,0.168375,0.678201,121.63,0.158053,1.03,0.697765,2.49,271.44,4.84
97,0.08807,301.72,5.5E-05,3.28,0.417052,0.194727,0.003192,1.54,0.089119,12.46,0.009186,0.299119,0.007446,0.063701,105.06,1.74
98,0.095055,305.55,6.4E-05,0.852171,0.020019,0.188733,0.000799,0.174724,0.023205,0.505111,0.161635,1.04,0.72487,0.025038,265.45,3.52
99,0.328996,293.01,1.8E-05,2.48,0.003632,0.189395,0.004942,1.53,0.019761,1.95,0.009212,0.292611,0.012593,2.1,117.26,1.85
100,0.091406,261.17,0.001947,13.56,1.02,0.196548,0.12977,0.162818,0.622122,118.82,0.129988,1.1,0.683978,0.055777,288.67,3.99
101,0.094115,256.15,5.5E-05,3.55,0.419636,0.202098,0.002984,1.62,0.096401,13.96,0.010042,0.261232,0.00977,0.025406,144.11,1.71
102,0.336706,268.1,6.1E-05,0.852152,0.017626,0.221005,0.000838,0.162149,0.022926,0.481594,0.128924,1.03,0.579266,2.14,253.6,5.23
103,0.097272,245.21,1.8E-05,2.18,0.00362,0.22519,0.005702,1.78,0.020485,1.98,0.011137,0.303636,0.012639,0.058706,183.36,1.99
104,0.312211,240.53,0.001881,12.18,1.01,0.437993,0.125097,0.171436,0.5732,106.17,0.126006,1.06,0.551873,0.021126,237.88,1.83
105,0.107567,221.56,5.5E-05,3.48,0.43559,0.424143,0.002847,1.67,0.088249,13.39,0.011713,0.350211,0.012595,2.39,226.17,1.71
106,0.092769,225.19,5.7E-05,0.91477,0.019007,0.468168,0.000829,0.174482,0.022651,0.467874,0.130642,1.12,0.581202,0.059256,262,1.65
107,0.293925,247.3,1.8E-05,2.19,0.003423,0.480738,0.006263,1.43,0.020666,2.05,0.010231,0.383549,0.011991,0.021331,255.58,1.66
108,0.10806,249,0.002181,13.96,1.15,0.341865,0.130219,0.178249,0.675906,126.01,0.130315,1.22,0.529802,2.52,250.6,1.69
109,0.092218,247.65,5.4E-05,3.57,0.44043,0.365831,0.002703,1.48,0.088898,10.59,0.009338,0.37705,0.013871,0.057554,308.64,1.6
110,0.31394,244.69,5.7E-05,0.861439,0.015824,0.398442,0.000841,0.17892,0.023126,0.45929,0.134605,1.21,0.551914,0.022235,240.87,1.64
111,0.10842,242.72,1.7E-05,1.97,0.003462,0.4664,0.006752,1.21,0.018871,2.03,0.010419,0.405304,0.013038,2.64,236,1.64
112,0.324401,249.1,0.002024,14.87,1.18,0.419497,0.130026,0.180428,0.66061,124.8,0.133167,1.17,0.555699,0.056656,228.69,4.8
113,0.102371,264.43,5.8E-05,3.51,0.433993,0.317936,0.002593,1.21,0.099269,10.21,0.011047,0.417342,0.017427,0.019639,321.79,3.4
114,0.32466,257.65,5.8E-05,0.859568,0.014908,0.316604,0.000983,0.174226,0.022549,0.468083,0.129279,1.18,0.551757,1.23,225.35,3.03
115,0.106006,259.03,1.8E-05,1.98,0.003342,0.255912,0.004647,1.12,0.017736,1.96,0.011532,0.40747,0.016575,0.053046,504.57,3.05
116,0.097853,247.58,0.002432,16.11,1.27,0.259853,0.151822,0.169566,0.713048,141.2,0.125364,1.23,0.525275,0.022281,230.39,2.77
117,0.320621,229.5,5.7E-05,3.25,0.425111,0.242691,0.00259,1.07,0.098073,8,0.011417,0.445752,0.018007,0.00492,603.98,2.94
118,0.121052,231.32,5.7E-05,0.87374,0.015038,0.196725,0.000869,0.173396,0.022075,0.458517,0.128127,1.31,0.459016,1.25,232.63,3.35
119,0.096238,219.94,1.7E-05,2,0.00284,0.197136,0.002782,0.951394,0.018204,2.04,0.010523,0.443965,0.017647,0.05544,887.26,3.96
120,0.370578,213.54,0.00141,9.58,0.516107,0.208512,0.099369,0.173945,0.39058,87.64,0.138014,1.41,0.541163,0.02286,218.16,4.06
121,0.121895,217.68,5.6E-05,2.89,0.252235,0.210699,0.04337,0.989586,0.072986,5.12,0.010183,0.445635,0.01761,0.005992,942.78,3.46
122,0.108687,64.55,3.4E-05,0.957048,0.043107,0.216739,0.001464,0.167564,0.015138,0.404538,0.143182,1,0.579862,1.28,222.41,3.45
123,0.285505,65.99,1.1E-05,3.19,0.00677,0.22579,0.001496,1.09,0.019121,0.607218,0.009928,0.149624,0.018616,0.053451,1333.74,4.83
124,0.122515,64.27,0.001372,10.12,0.500381,0.234533,0.095086,0.204064,0.360841,88.84,0.135576,0.935901,0.697271,0.024648,235.67,4.42
125,0.112428,65.07,5.6E-05,3.09,0.257605,0.217156,0.046721,1.03,0.077667,5.57,0.008705,0.163474,0.023224,0.004947,232.93,8.98
126,0.287174,58.04,3.5E-05,0.870561,0.037099,0.212477,0.001555,0.183705,0.016701,0.456442,0.126858,1.15,0.658632,1.31,205.57,10.2
127,0.123772,52.2,1.1E-05,3.07,0.008636,0.246443,0.001655,0.98282,0.017532,0.614064,0.010237,0.165117,0.014247,0.058776,196.32,9.57
128,0.115385,62.84,0.001432,9.88,0.490882,0.241079,0.095703,0.171514,0.360492,88.65,0.141433,1.18,0.571083,0.024002,190.82,7.36
129,0.2985,54.38,5.7E-05,3.15,0.26551,0.254044,0.052118,0.964964,0.07422,5.14,0.009588,0.181619,0.014112,0.00679,197.88,8.15
130,0.124502,67.39,3.6E-05,0.897914,0.037559,0.244687,0.001715,0.174726,0.016098,0.447103,0.155312,1.1,0.590302,1.34,224.46,9.08
131,0.129834,63.58,1.1E-05,2.88,0.008389,0.253327,0.001664,1.09,0.019442,0.63306,0.011233,0.148442,0.015654,0.061915,238.6,9.06
132,0.289412,71.49,0.001322,11.16,0.522192,0.223747,0.092466,0.115758,0.347635,86.31,0.182209,1.05,0.617453,0.023193,239.49,8.94
133,0.126141,66.73,5.5E-05,3.54,0.272543,0.225262,0.052116,0.95479,0.07331,5.73,0.011355,0.141849,0.017263,0.006978,203.19,8.28
134,0.128397,67.39,3.6E-05,0.764659,0.041434,0.217398,0.001767,0.110199,0.014633,0.448829,0.189747,0.94505,0.604197,1.31,119.81,8.77
135,0.272417,48.69,1.2E-05,3.12,0.00894,0.086301,0.001648,1.09,0.021258,0.689257,0.011982,0.124169,0.01948,0.062305,108.23,8.27
136,0.125604,45.11,0.001334,8.52,0.54487,0.084839,0.097044,0.11335,0.349003,86.75,0.207032,0.959156,0.560836,0.02364,106.08,8.63
137,0.125935,54.06,5.5E-05,3.77,0.27747,0.06415,0.050824,0.93524,0.082654,6.21,0.011932,0.110585,0.018388,0.006764,94.92,9.77
138,0.254927,52.48,3.6E-05,0.814794,0.035708,0.056277,0.001756,0.10827,0.015671,0.409574,0.236783,1.01,0.523006,1.4,92.66,7.8
139,0.108158,55.04,1.2E-05,3.58,0.008545,0.050017,0.00157,0.913426,0.020665,0.722831,0.012033,0.11274,0.024563,0.055471,90.6,6.48
140,0.258082,58.89,0.001342,8.31,0.520488,0.05053,0.104483,0.118142,0.346785,88.58,0.183649,0.891775,0.554358,0.023967,93.57,5.62
141,0.129014,43.73,5.5E-05,3.47,0.281863,0.042191,0.049671,1.03,0.088408,6.17,0.011952,0.113483,0.023369,0.007671,96.7,5.01
142,0.129097,59.97,3.5E-05,0.765071,0.029269,0.043714,0.00178,0.117117,0.013798,0.38796,0.145437,0.908268,0.03087,1.4,96.58,5.28
143,0.246228,65.89,1.2E-05,3.52,0.008692,0.048744,0.001551,1.05,0.02124,0.694402,0.011596,0.115479,0.030215,0.054277,97.44,2.21
144,0.130756,61.14,0.001396,8.52,0.593678,0.048005,0.095089,0.127636,0.353409,88.13,0.135111,0.911719,0.03249,0.021507,95.13,2.02
145,0.129375,61.96,5.6E-05,3.85,0.345352,0.051241,0.048708,1.12,0.089474,6.09,0.011295,0.128057,0.028868,0.009095,96.99,2.08
146,0.256175,65.95,3.3E-05,0.813605,0.029709,0.057157,0.001769,0.121109,0.013815,0.407067,0.119229,0.917951,0.028455,1.31,96.09,2.01
147,0.120029,73.55,1.2E-05,3.53,0.008683,0.036324,0.001558,1.18,0.020945,0.739802,0.011775,0.114691,0.028874,0.061263,106.62,1.94
148,0.127015,58.54,0.001392,8.35,0.607522,0.028766,0.093485,0.124995,0.359573,88.4,0.138728,0.894508,0.033827,0.023772,103.83,1.85
149,0.292525,61.5,5.9E-05,3.83,0.28938,0.040491,0.05214,0.980278,0.090193,6.42,0.011119,0.102415,0.037545,0.011331,108.21,1.99
