,bitcoindark,bytecoin-bcn,decred,digibyte,digitalnote,digixdao,ethereum-classic,experience-points,gulden,lisk,maidsafecoin,nav-coin,reddcoin,singulardtv,triggers,viacoin,waves,zcash
0,114.07,0.001392,34.58,0.015719,0.002303,79.88,12.98,3E-06,0.125029,5.82,0.483175,0.929033,0.001217,0.172419,1.05,1.46,5.04,277.53
1,2.61,5.5E-05,0.977073,0.000324,0.000139,14.51,1.26,1.2E-07,0.006895,0.238563,0.091615,0.045146,4.3E-05,0.163048,0.980923,0.027427,0.196706,290.12
2,1.1,2.8E-05,34.14,9.3E-05,0.000149,78.71,12.52,2E-06,0.001552,5.7,0.02005,0.002278,1E-05,0.167995,1.07,0.003995,4.93,310.6
3,4.41,1.6E-05,1.03,7.9E-05,0.000144,14.01,1.27,1.9E-07,0.002251,0.237278,0.0202,0.001073,5.4E-05,0.177843,1.17,0.103182,0.173167,285.36
4,93.76,0.001397,34.66,0.014781,0.002164,78.19,12.73,5E-06,0.120594,5.99,0.487756,0.918849,0.001127,0.181959,1.17,1.29,4.78,231.47
5,2.56,6E-05,1.05,0.000333,0.000145,14.73,1.25,1.2E-07,0.007257,0.238588,0.083986,0.052472,4.4E-05,0.175652,1.13,0.025349,0.17312,230.77
6,1.03,2.5E-05,36.1,8.9E-05,0.000159,75.29,12.65,8E-06,0.00166,6.32,0.019698,0.002176,1E-05,0.167678,1.09,0.004306,5.17,205.63
7,4.51,1.6E-05,1.08,7.9E-05,0.000138,16.09,1.2,1.2E-07,0.002003,0.236408,0.019897,0.001591,6E-05,0.179798,1.17,0.090606,0.173631,204.21
8,90.95,0.001429,33.46,0.015098,0.002328,70.8,11.24,1.2E-05,0.120248,6.13,0.493983,1.02,0.001301,0.175256,1.26,1.27,4.79,195.84
9,2.44,6E-05,1.14,0.000345,0.000139,14.08,1.2,1.2E-07,0.007227,0.2375,0.082563,0.050851,4.8E-05,0.173895,1.06,0.023791,0.173482,175.65
10,1.24,3E-05,34.96,9.3E-05,0.000156,71.33,10.86,4E-06,0.001798,6.15,0.020259,0.002384,1E-05,0.191266,1.22,0.004105,4.23,187.86
11,4.57,1.5E-05,1.2,7.9E-05,0.00014,14.21,1.21,1.1E-07,0.00222,0.246723,0.018691,0.00127,6E-05,0.186001,1.1,0.112258,0.174928,188.3
12,99.06,0.00145,33.72,0.015729,0.002443,68.36,10.44,4E-06,0.119708,5.75,0.518422,0.994589,0.001389,0.182893,1.29,1.18,3.97,193.16
13,2.54,6.1E-05,1.22,0.000351,0.000153,13.43,1.25,1.5E-07,0.006662,0.246655,0.081824,0.052427,5.4E-05,0.171048,1.19,0.024832,0.181455,174.18
14,1.32,2.9E-05,37.54,7.7E-05,0.000169,67.7,10.61,8E-06,0.001528,5.98,0.020044,0.002141,1E-05,0.179409,1.14,0.004091,3.97,172.46
15,5.01,1.6E-05,1.21,8.4E-05,0.000146,14.96,1.24,1.1E-07,0.00205,0.24303,0.019166,0.001426,6.4E-05,0.158062,1.25,0.118722,0.186626,181.06
16,91.9,0.001293,31.13,0.014439,0.002302,64.05,10.26,1E-05,0.113432,5.75,0.49528,0.906095,0.001287,0.120473,1.22,1.18,3.77,158.88
17,2.58,6.1E-05,1.2,0.000353,0.000155,15.46,1.25,1.1E-07,0.006685,0.246458,0.084668,0.050487,4.8E-05,0.149202,2.02,0.026164,0.195984,197.22
18,1.4,2.9E-05,31.98,7.7E-05,0.000165,64.24,10.07,2E-06,0.0015,5.39,0.020333,0.002378,1.1E-05,0.15072,2.38,0.004399,3.64,207.77
19,5.17,1.7E-05,1.18,8.5E-05,0.000158,16.97,1.22,1.2E-07,0.002508,0.249115,0.0203,0.001438,7.7E-05,0.160537,1.18,0.125951,0.199509,208.77
20,91.51,0.001307,36.07,0.01425,0.0023,70.8,11.25,4E-06,0.116507,6.06,0.504641,0.81685,0.001416,0.167029,0.918326,1.15,4.07,212.91
21,2.53,6.4E-05,1.31,0.000349,0.000156,18.76,1.25,1.5E-07,0.00586,0.260103,0.085326,0.055674,4.8E-05,0.13744,0.970319,0.029902,0.215727,213.79
22,1.39,2.8E-05,32.4,9.5E-05,0.000166,76.63,11.48,3E-06,0.001586,6.2,0.020501,0.001787,1.1E-05,0.125973,1.08,0.004751,4.16,213.99
23,5.22,1.7E-05,1.24,8.4E-05,0.000154,16.92,1.28,1.1E-07,0.002835,0.253032,0.020607,0.001035,5.7E-05,0.149466,1.31,0.131286,0.191414,247.31
24,82.68,0.001219,30.94,0.013505,0.002101,73.92,11.79,4E-06,0.109203,6.74,0.475649,0.761072,0.001176,0.152371,0.91714,1.07,4.34,247.01
25,2.55,6E-05,1.3,0.000349,0.000157,13.89,1.32,1.6E-07,0.006494,0.255169,0.086298,0.05161,4.2E-05,0.146619,0.821186,0.030908,0.186632,226.88
26,1.37,3.3E-05,29.79,9.8E-05,0.000157,65.8,10.02,4E-06,0.001345,5.57,0.020167,0.002173,1E-05,0.113423,0.835226,0.004798,3.64,218.34
27,5.68,1.8E-05,1.41,7.7E-05,0.000164,15.18,1.32,1.5E-07,0.002724,0.257226,0.021063,0.001308,5.1E-05,0.135326,0.95812,0.126835,0.179221,260.09
28,84.62,0.001274,30.89,0.013653,0.002174,64.62,9.93,3E-06,0.113076,5.56,0.489933,0.841208,0.000985,0.142019,0.753198,1.12,3.76,254.03
29,2.52,6E-05,1.45,0.000355,0.000169,15.17,1.32,1.9E-07,0.00636,0.258762,0.085741,0.051772,4.8E-05,0.147879,1.03,0.02868,0.167791,305.11
30,1.24,3.3E-05,29.7,8.4E-05,0.000146,68.84,10.24,5E-06,0.001184,5.58,0.019276,0.0021,9E-06,0.132961,0.697228,0.005799,3.78,233.01
31,5.55,1.8E-05,1.44,8.7E-05,0.000171,14.89,1.28,3E-07,0.002949,0.252934,0.021609,0.001089,5.6E-05,0.011846,0.020328,0.13011,0.1656,1624.58
32,78.12,0.001139,23.83,0.012606,0.001972,58.97,9.13,1.7E-05,0.106939,4.36,0.459998,0.846573,0.000941,0.139801,0.640815,1.02,3.09,241.22
33,2.48,6.4E-05,1.47,0.000346,0.000161,13.26,1.29,1.5E-07,0.006132,0.270973,0.084537,0.052784,4.3E-05,0.011693,0.018677,0.032816,0.17306,574.82
34,1.25,3.3E-05,26.73,6.8E-05,0.000143,74.36,14.11,3E-06,0.001193,6.57,0.020516,0.002074,9E-06,0.142829,0.630003,0.005094,3.95,234.33
35,5.36,1.6E-05,1.47,7.9E-05,0.000156,10.7,1.29,2.3E-07,0.002767,0.26255,0.020127,0.001091,5.2E-05,0.010706,0.016845,0.122028,0.169045,2044.47
36,78.32,0.001136,27.73,0.012546,0.002111,78,14.44,5E-06,0.107157,7.02,0.477865,0.790137,0.000943,0.146387,0.704409,1.14,4.38,231.07
37,2.5,6E-05,1.44,0.000352,0.000161,10.47,1.32,1.9E-07,0.006047,0.26851,0.086662,0.053,4.6E-05,0.010792,0.024745,0.024521,0.171349,244.52
38,1.25,3.7E-05,29.01,5.8E-05,0.000133,85.84,14.61,4E-06,0.001112,6.7,0.020181,0.002132,9E-06,0.149951,0.724215,0.004746,4.35,233.67
39,4.8,1.7E-05,1.47,8.2E-05,0.00014,9.96,1.34,6E-06,0.00275,0.244939,0.019276,0.000981,5.2E-05,0.012817,0.028634,0.11864,0.160849,217.69
40,94.87,0.001272,28.69,0.014882,0.002404,79.64,13.66,3E-06,0.116936,6.57,0.568158,0.917598,0.001053,0.161062,0.755984,1.35,4.41,216.04
41,2.55,6.7E-05,1.53,0.000347,0.00017,9.42,1.42,4E-06,0.006088,0.25199,0.083826,0.05294,4.3E-05,0.013595,0.033305,0.023209,0.162375,206.52
42,1.28,3.6E-05,30.4,5.4E-05,0.00015,94,14.89,4E-06,0.0011,6.9,0.020733,0.00227,1.1E-05,0.141764,1.12,0.004482,4.46,213.73
43,5.11,1.6E-05,1.54,9E-05,0.000142,10.11,1.4,6E-06,0.003345,0.256735,0.018162,0.001427,5.3E-05,0.013895,0.032288,0.130112,0.166817,212.46
44,92.14,0.001324,31.53,0.013977,0.002058,78.25,15.2,5E-06,0.117136,6.91,0.556714,0.934326,0.00094,0.133853,0.666619,1.12,4.5,222.52
45,2.54,6.7E-05,1.53,0.000347,0.00017,10.03,1.44,5E-06,0.006088,0.254201,0.091622,0.055478,4.8E-05,0.013572,0.043508,0.023499,0.162395,230.07
46,1.21,3.8E-05,33.93,5.9E-05,0.000148,90.36,17.81,1.7E-05,0.001021,7.48,0.020845,0.002354,1.1E-05,0.128714,0.556106,0.004032,4.98,229.3
47,5.25,1.7E-05,1.51,9E-05,0.00016,10.02,1.48,6E-06,0.002948,0.257372,0.018023,0.001071,5.2E-05,0.013969,0.044911,0.12471,0.160031,231.28
48,104.31,0.001426,34.74,0.01461,0.002182,88.75,19.02,3E-06,0.124325,6.96,0.589092,1.06,0.001022,0.139072,0.623688,1.26,5.16,233.01
49,2.55,6.8E-05,1.5,0.000354,0.000171,10.02,1.47,1E-06,0.005882,0.252891,0.095202,0.061023,4.9E-05,0.014454,0.039267,0.021837,0.166453,232.63
50,1.32,4.6E-05,34.08,5.9E-05,0.000164,76.83,16.58,4E-06,0.00101,6.08,0.020887,0.002046,1.2E-05,0.13196,0.634313,0.00385,4.98,240.89
51,5.12,2E-05,1.52,9.1E-05,0.000126,10.52,1.45,6E-06,0.002698,0.250393,0.018732,0.000942,5.6E-05,0.013884,0.039286,0.142181,0.170325,240.05
52,83.5,0.001276,32.27,0.012202,0.001987,72.35,15.84,2E-06,0.112649,5.86,0.533679,0.999036,0.000926,0.14592,0.560317,0.990986,4.66,227
53,2.67,7.2E-05,1.52,0.000357,0.000176,10.51,1.46,6E-06,0.005969,0.243393,0.092253,0.062768,4.7E-05,0.014738,0.036274,0.022273,0.165639,236.13
54,1.37,4.6E-05,36.64,5.7E-05,0.000172,91.5,18.57,3E-06,0.001009,7.08,0.020662,0.002206,1.1E-05,0.155255,0.585695,0.003763,5.2,235.66
55,5.11,1.6E-05,1.5,9.8E-05,0.000136,10.5,1.34,6E-06,0.003267,0.243732,0.020251,0.001145,6.5E-05,0.013935,0.023285,0.163324,0.165268,229.49
56,79.87,0.001259,36.33,0.012421,0.001999,84.71,20.08,4E-06,0.118668,6.72,0.535006,0.97994,0.000929,0.157986,0.726748,0.850978,5.23,241.06
57,2.52,6.7E-05,1.45,0.000382,0.000181,10.75,1.39,9E-06,0.00736,0.249354,0.093172,0.054945,4.6E-05,0.014092,0.022048,0.027214,0.171192,253.98
58,1.43,4.6E-05,41.35,5.4E-05,0.000183,97.34,21.94,1.2E-05,0.000996,7.41,0.020204,0.002176,1.1E-05,0.148898,0.557794,0.004106,5.74,257.61
59,5.37,1.7E-05,1.46,0.000107,0.000155,10.58,1.44,4E-08,0.004262,0.246301,0.019682,0.001163,6.5E-05,0.013203,0.017495,0.173295,0.161095,254.82
60,81.29,0.001304,28.4,0.012569,0.002037,63.69,10.62,2E-06,0.123806,4.74,0.543111,0.967416,0.000966,0.161781,0.529972,0.890119,3.24,237.91
61,2.58,6.6E-05,0.692514,0.000388,0.000176,11.07,0.903216,8.1E-08,0.0062,0.162747,0.096942,0.0525,4.2E-05,0.013468,0.019563,0.019343,0.328016,252.94
62,1.42,4.7E-05,30.25,5.3E-05,0.000191,61.32,10.87,3E-06,0.001123,4.93,0.021046,0.002273,1E-05,0.146518,0.625513,0.004343,3.48,257.6
63,5.78,1.7E-05,0.780302,0.000123,0.000139,10.94,0.927473,4.1E-08,0.004289,0.168472,0.019656,0.001127,7.1E-05,0.013316,0.020156,0.169671,0.353743,263.94
64,84.3,0.001194,29.35,0.011096,0.001812,62.39,10.86,5E-06,0.099666,4.88,0.408422,0.66836,0.000838,0.149509,0.420538,0.694622,3.54,308.49
65,2.47,6.1E-05,0.77073,0.00036,0.000183,10.81,0.889612,4E-08,0.004895,0.150249,0.097745,0.051477,4E-05,0.01453,0.019532,0.021622,0.346814,68.69
66,1.36,5.1E-05,30.96,5.3E-05,0.000192,59.35,10.55,7E-06,0.000876,4.68,0.020891,0.002084,9E-06,0.144757,0.4607,0.00427,3.46,306.07
67,6.19,1.7E-05,0.781814,0.000124,0.00014,11.04,0.942647,4E-08,0.004365,0.180549,0.01963,0.00129,6.2E-05,0.012736,0.019244,0.166965,0.337918,68.72
68,79.2,0.001544,29.72,0.014735,0.002248,59.45,10.38,1.1E-05,0.118905,4.96,0.535843,0.944475,0.001084,0.14155,0.46131,0.926039,3.54,371.24
69,2.42,6.1E-05,0.836105,0.000347,0.000178,11.55,0.995753,4E-08,0.004744,0.188229,0.098242,0.051367,3.7E-05,0.013347,0.020778,0.020287,0.329201,70.96
70,1.43,5.4E-05,30.22,5E-05,0.000188,60,10.5,5E-06,0.00087,5.18,0.02105,0.002405,9E-06,0.151975,0.562794,0.004597,3.62,347.51
71,6.66,1.7E-05,0.860811,0.000132,0.000142,12,1.03,3.9E-08,0.004355,0.192679,0.019294,0.00137,6.2E-05,0.015277,0.020611,0.167956,0.333643,69.83
72,91.41,0.001772,35,0.016239,0.002178,63.72,10.63,1.6E-05,0.120963,5.2,0.597057,1.14,0.001126,0.151887,0.571627,1.08,3.7,340.14
73,2.34,6.7E-05,0.857861,0.000358,0.000165,11.34,1.02,3.9E-08,0.004267,0.186053,0.099498,0.051094,3.6E-05,0.015487,0.54619,0.01692,0.355961,77.3
74,1.41,5.8E-05,27.59,5.1E-05,0.000197,59.85,10.6,5E-06,0.000896,5.53,0.020953,0.002196,1E-05,0.142764,0.467754,0.00414,3.76,344.7
75,6.73,1.8E-05,0.87786,0.000146,0.000142,12.05,1.03,3.9E-08,0.004695,0.181246,0.019433,0.00161,6.7E-05,0.016044,0.631481,0.164932,0.338372,91.33
76,95.39,0.001767,23.48,0.017557,0.002223,58.84,10.28,8E-06,0.126186,4.71,0.622159,1.11,0.001179,0.138494,0.688089,1.13,3.67,346.36
77,2.26,6.1E-05,0.904782,0.000334,0.000152,11.26,1.05,6E-06,0.003945,0.170472,0.101593,0.054994,3.6E-05,0.017474,0.835768,0.01754,0.31363,97.19
78,1.42,6.1E-05,26.1,5.4E-05,0.000203,62.25,10.83,3.8E-08,0.00087,4.74,0.021638,0.002404,1.1E-05,0.163895,0.932806,0.005015,3.58,311.55
79,6.48,1.7E-05,0.907106,0.000103,0.000144,11.02,1.05,1.6E-05,0.005296,0.180245,0.01921,0.001707,7.1E-05,0.016154,1,0.17318,0.288693,77.56
80,108.79,0.001565,24.79,0.015318,0.002282,62.99,10.92,3.8E-08,0.118546,4.71,0.615799,1.18,0.001234,0.17178,1.05,1.08,3.58,319.73
81,2.48,5.6E-05,0.889927,0.000337,0.000174,11.76,1.03,9E-06,0.003739,0.189527,0.106867,0.056672,3.7E-05,0.019365,0.936708,0.018048,0.243799,57.9
82,1.28,6.1E-05,24.82,5.7E-05,0.000208,64.55,11.22,7.6E-08,0.000885,4.93,0.022518,0.002325,1E-05,0.169046,1.01,0.005822,3.66,290.64
83,6.69,1.7E-05,0.887821,0.000101,0.000149,11.47,1.04,7E-06,0.00471,0.192647,0.019393,0.001699,7.1E-05,0.020023,0.006257,0.163062,0.240599,54.02
84,119.35,0.001757,26.97,0.01628,0.002338,64.58,11.34,3.8E-08,0.128261,4.98,0.622342,1.34,0.001258,0.172161,0.871103,1.27,3.89,302.17
85,2.66,6.1E-05,0.866963,0.000349,0.000181,11.62,1.05,1.8E-05,0.003765,0.181382,0.097851,0.055967,3.6E-05,0.016803,0.006106,0.019912,0.249335,60.27
86,1.27,6.1E-05,27.4,5.4E-05,0.000185,70.52,11.53,3.9E-08,0.000881,5.14,0.022692,0.002248,1E-05,0.168415,1.1,0.007284,4.04,299.33
87,6.32,1.8E-05,0.884849,8.1E-05,0.000153,11.94,1.06,4E-06,0.005102,0.17934,0.019013,0.00163,6.6E-05,0.01867,0.006041,0.192423,0.245576,65.7
88,129.6,0.001708,28.85,0.016374,0.002393,70.45,11.92,7.8E-08,0.126594,5.1,0.61679,1.29,0.001253,0.152746,1.24,1.23,3.92,298.15
89,2.38,5.6E-05,0.975003,0.00034,0.00018,11.95,1.07,8E-06,0.003666,0.181202,0.098445,0.050971,3.8E-05,0.156803,0.006273,0.018367,0.244299,70.64
90,1.33,6.4E-05,27.23,5.4E-05,0.000204,71.09,11.89,3.9E-08,0.000975,4.96,0.022391,0.002224,1.1E-05,0.123867,1.39,0.00458,4.02,291.19
91,5.81,1.8E-05,0.906924,8.2E-05,0.000152,11.96,1.2,5E-06,0.005195,0.180824,0.018975,0.001231,6.7E-05,0.009761,0.006157,0.204234,0.235213,87.64
92,153.39,0.001979,27.75,0.018141,0.002598,65.56,11.95,7.8E-08,0.128401,4.91,0.673047,1.5,0.001344,0.119873,0.962763,1.37,3.8,294.91
93,2.33,5.5E-05,0.948144,0.000338,0.00018,12.11,0.992573,5E-06,0.003306,0.179811,0.092228,0.053487,3.7E-05,0.009592,0.008514,0.018661,0.223403,96.95
94,1.31,6.3E-05,28.15,4.8E-05,0.000205,71.42,12.26,7.8E-08,0.000846,4.79,0.023715,0.002226,1E-05,0.14957,0.748455,0.004377,4,290.56
95,6.19,1.8E-05,0.980952,8.6E-05,0.000172,11.6,0.991068,8E-06,0.004923,0.18523,0.019154,0.000989,6.3E-05,0.010146,0.009069,0.193392,0.209668,109.34
96,143.07,0.002028,27.59,0.019357,0.002698,74.4,12.18,7.5E-08,0.136549,4.9,0.678201,1.58,0.001433,0.158053,0.697765,1.44,3.97,271.44
97,2.29,5.5E-05,0.953763,0.000331,0.000176,11.42,1.01,6E-06,0.003192,0.202016,0.089119,0.072845,3.6E-05,0.009186,0.007446,0.019853,0.205778,105.06
98,1.36,6.4E-05,28.86,4.8E-05,0.000193,67.55,11.96,1.1E-07,0.000799,4.98,0.023205,0.002243,1E-05,0.161635,0.72487,0.004421,3.69,265.45
99,6.42,1.8E-05,0.94824,9.2E-05,0.000178,11.22,1.04,1.3E-05,0.004942,0.207292,0.019761,0.001456,7.2E-05,0.009212,0.012593,0.20492,0.212963,117.26
100,131.14,0.001947,27.84,0.019844,0.002687,73.42,11.49,2.3E-07,0.12977,5.36,0.622122,1.35,0.001369,0.129988,0.683978,1.37,4.18,288.67
101,2.17,5.5E-05,0.976486,0.000358,0.000162,11.46,1.1,3E-06,0.002984,0.211765,0.096401,0.033322,3.6E-05,0.010042,0.00977,0.016443,0.209706,144.11
102,1.36,6.1E-05,27.84,5E-05,0.00017,66.8,11.54,1.5E-07,0.000838,4.92,0.022926,0.002482,9E-06,0.128924,0.579266,0.004862,4.12,253.6
103,6.54,1.8E-05,0.981122,0.000112,0.000192,12.37,1.15,6E-06,0.005702,0.215994,0.020485,0.001692,7.2E-05,0.011137,0.012639,0.207682,0.209878,183.36
104,102.23,0.001881,26.59,0.019126,0.002332,70.71,11.5,1.9E-07,0.125097,4.7,0.5732,1.26,0.001242,0.126006,0.551873,1.4,4.13,237.88
105,2.25,5.5E-05,1.03,0.00034,0.00014,12.94,1.17,7E-06,0.002847,0.215135,0.088249,0.0248,3.4E-05,0.011713,0.012595,0.01282,0.212259,226.17
106,1.24,5.7E-05,27.22,4.7E-05,0.000176,73.68,12.12,1.5E-07,0.000829,4.66,0.022651,0.00235,9E-06,0.130642,0.581202,0.004354,4.44,262
107,5.36,1.8E-05,1.05,0.000113,0.000203,12.14,1.18,2E-06,0.006263,0.219517,0.020666,0.001454,7.3E-05,0.010231,0.011991,0.207967,0.21252,255.58
108,119.28,0.002181,29.88,0.025323,0.00274,77.61,12.28,1.5E-07,0.130219,5.19,0.675906,1.47,0.001385,0.130315,0.529802,1.79,5.02,250.6
109,2.19,5.4E-05,1.09,0.000311,0.000157,12.19,1.17,5E-06,0.002703,0.223432,0.088898,0.022294,3.5E-05,0.009338,0.013871,0.013736,0.203778,308.64
110,1.23,5.7E-05,30.51,4.8E-05,0.000182,71.16,12.34,1.5E-07,0.000841,5.34,0.023126,0.002283,9E-06,0.134605,0.551914,0.004438,4.97,240.87
111,4.97,1.7E-05,1.08,0.000121,0.000136,13.13,1.17,8E-06,0.006752,0.224222,0.018871,0.001471,7.1E-05,0.010419,0.013038,0.209575,0.211073,236
112,73.45,0.002024,30.34,0.02198,0.002769,68.82,11.95,1.5E-07,0.130026,5.41,0.66061,1.43,0.001382,0.133167,0.555699,1.49,4.97,228.69
113,2.15,5.8E-05,1.08,0.000294,0.000122,13.26,1.19,1.9E-05,0.002593,0.229213,0.099269,0.017887,3.4E-05,0.011047,0.017427,0.014107,0.213118,321.79
114,1.27,5.8E-05,30.78,4.8E-05,0.000171,69.23,11.97,1.2E-07,0.000983,5.53,0.022549,0.00237,1E-05,0.129279,0.551757,0.004134,4.91,225.35
115,4.9,1.8E-05,1.02,0.000148,0.000146,13.24,1.16,1.2E-05,0.004647,0.233913,0.017736,0.001671,7.1E-05,0.011532,0.016575,0.203632,0.205533,504.57
116,65.44,0.002432,31.66,0.025204,0.00302,71.95,12.41,1.2E-07,0.151822,5.7,0.713048,1.9,0.001475,0.125364,0.525275,1.79,4.73,230.39
117,2.39,5.7E-05,1.07,0.000303,0.000121,13.13,1.19,3E-06,0.00259,0.239255,0.098073,0.017225,3.4E-05,0.011417,0.018007,0.013871,0.1927,603.98
118,1.33,5.7E-05,34.21,5.1E-05,0.000181,76.92,12.44,1.2E-07,0.000869,5.42,0.022075,0.002282,1.1E-05,0.128127,0.459016,0.004595,4.85,232.63
119,4.94,1.7E-05,0.977,0.000157,0.000137,13.63,1.19,2.3E-05,0.002782,0.225496,0.018204,0.001547,7E-05,0.010523,0.017647,0.122843,0.196629,887.26
120,102.99,0.00141,33.1,0.00903,0.002079,79.98,12.74,3.9E-08,0.099369,5.51,0.39058,0.867878,0.001096,0.138014,0.541163,1.45,4.97,218.16
121,2.96,5.6E-05,1.01,0.000324,0.000189,13.88,1.19,5E-06,0.04337,0.233642,0.072986,0.055525,4E-05,0.010183,0.01761,0.025594,0.185924,942.78
122,0.83423,3.4E-05,56.64,0.000323,8E-05,100.2,28.19,3.9E-08,0.001464,7.5,0.015138,0.001882,1.2E-05,0.143182,0.579862,0.005176,4.88,222.41
123,2.63,1.1E-05,0.600124,4.7E-05,4.6E-05,8.76,0.748166,9E-06,0.001496,0.169325,0.019121,0.000608,4.1E-05,0.009928,0.018616,0.069895,0.252707,1333.74
124,102.66,0.001372,48.94,0.009312,0.002333,94.82,25.42,3.9E-08,0.095086,6.9,0.360841,1.03,0.001107,0.135576,0.697271,1.42,5.17,235.67
125,2.83,5.6E-05,0.597028,0.000338,0.000203,8.88,0.747909,1E-05,0.046721,0.180705,0.077667,0.054661,4.1E-05,0.008705,0.023224,0.028718,0.26237,232.93
126,0.928499,3.5E-05,56,0.000339,8.5E-05,113.4,33.98,3.9E-08,0.001555,7.79,0.016701,0.002046,1.1E-05,0.126858,0.658632,0.005745,5.93,205.57
127,1.8,1.1E-05,0.590771,4.5E-05,4.4E-05,9.15,0.759313,1.5E-05,0.001655,0.168976,0.017532,0.000579,4.5E-05,0.010237,0.014247,0.09786,0.309469,196.32
128,95.84,0.001432,60.04,0.009126,0.002939,106.83,25.75,3.9E-08,0.095703,7.89,0.360492,0.801441,0.001177,0.141433,0.571083,1.29,5.65,190.82
129,3.12,5.7E-05,0.582951,0.000312,0.000184,8.61,0.778122,7E-06,0.052118,0.157288,0.07422,0.051356,3.7E-05,0.009588,0.014112,0.028505,0.257451,197.88
130,0.974448,3.6E-05,61.73,0.000327,0.000116,90.8,22.22,3.9E-08,0.001715,7.51,0.016098,0.001814,1.3E-05,0.155312,0.590302,0.005491,5.68,224.46
131,1.88,1.1E-05,0.589909,5E-05,5E-05,9.09,0.781978,1.6E-05,0.001664,0.162519,0.019442,0.000632,4.4E-05,0.011233,0.015654,0.038147,0.217379,238.6
132,87.42,0.001322,49.96,0.00909,0.00149,89.87,21.71,3.9E-08,0.092466,8.04,0.347635,0.730116,0.000975,0.182209,0.617453,1.24,5.35,239.49
133,2.89,5.5E-05,0.614373,0.000317,0.000234,8.78,0.845464,1.6E-05,0.052116,0.161149,0.07331,0.050855,4.2E-05,0.011355,0.017263,0.027765,0.233079,203.19
134,0.952027,3.6E-05,48.18,0.00027,1E-04,80.11,21.45,7.8E-08,0.001767,7.89,0.014633,0.001872,1.2E-05,0.189747,0.604197,0.005405,5.23,119.81
135,2.2,1.2E-05,0.627662,5.3E-05,5.2E-05,10.85,0.769668,1.7E-05,0.001648,0.162697,0.021258,0.000893,5E-05,0.011982,0.01948,0.037925,0.259016,108.23
136,85.98,0.001334,42.97,0.009309,0.001552,79.46,18.23,3.9E-08,0.097044,7.49,0.349003,0.729305,0.001034,0.207032,0.560836,1.07,5.19,106.08
137,2.98,5.5E-05,0.662553,0.000331,0.00021,10.18,0.816454,2.2E-05,0.050824,0.162994,0.082654,0.048494,4.4E-05,0.011932,0.018388,0.029615,0.272901,94.92
138,0.923467,3.6E-05,40.42,0.000253,8.9E-05,76.37,17.99,3.9E-08,0.001756,8.57,0.015671,0.00182,1.2E-05,0.236783,0.523006,0.005206,5.29,92.66
139,2.1,1.2E-05,0.679494,6E-05,5.3E-05,9.17,0.840367,8E-06,0.00157,0.163613,0.020665,0.000883,4.6E-05,0.012033,0.024563,0.042363,0.278878,90.6
140,83.21,0.001342,34.14,0.008977,0.001604,72.05,17.8,3.9E-08,0.104483,9.68,0.346785,0.724429,0.001001,0.183649,0.554358,1.04,5.19,93.57
141,2.87,5.5E-05,0.712357,0.000339,0.000198,9.16,0.850297,9E-06,0.049671,0.167896,0.088408,0.051337,4.1E-05,0.011952,0.023369,0.028126,0.288821,96.7
142,0.97476,3.5E-05,34.04,0.000241,8.6E-05,71.98,18.39,4E-08,0.00178,9.77,0.013798,0.001818,1E-05,0.145437,0.03087,0.005385,5.27,96.58
143,1.87,1.2E-05,0.704841,5.2E-05,5.5E-05,8.83,0.858533,1.3E-05,0.001551,0.164359,0.02124,0.000785,4.7E-05,0.011596,0.030215,0.044519,0.277263,97.44
144,84.6,0.001396,35.06,0.00932,0.001594,70.88,17.92,7.9E-08,0.095089,9.74,0.353409,0.777,0.001036,0.135111,0.03249,1.12,5.12,95.13
145,2.97,5.6E-05,0.751169,0.000335,0.000239,8.76,0.860979,6E-06,0.048708,0.1598,0.089474,0.051408,4.6E-05,0.011295,0.028868,0.034024,0.294224,96.99
146,0.989767,3.3E-05,34.82,0.000237,8.7E-05,70.48,17.72,3.9E-08,0.001769,9.28,0.013815,0.001875,1E-05,0.119229,0.028455,0.005413,5.3,96.09
147,1.87,1.2E-05,0.746159,5.6E-05,5.5E-05,8.8,0.871999,2.5E-05,0.001558,0.163274,0.020945,0.000705,4.9E-05,0.011775,0.028874,0.045261,0.297482,106.62
148,86.25,0.001392,32.04,0.009411,0.001992,77.06,17.24,4E-08,0.093485,8.28,0.359573,0.838975,0.001158,0.138728,0.033827,1.25,4.78,103.83
149,2.9,5.9E-05,0.725155,0.000334,0.000264,9,0.893229,5.5E-05,0.05214,0.161771,0.090193,0.057745,4.1E-05,0.011119,0.037545,0.042851,0.325359,108.21
