,decred,digixdao,lisk,monacoin,pivx,stellar,supernet-unity,syscoin,vertcoin
0,34.58,79.88,5.82,0.468827,3.21,0.013858,41.71,0.163465,1.03
1,0.977073,14.51,0.238563,0.036988,0.003695,0.002847,2.6,0.009068,0.036995
2,34.14,78.71,5.7,0.089207,3.07,0.001985,1.78,0.000362,0.042791
3,1.03,14.01,0.237278,0.036522,0.003737,0.003211,24.36,0.001493,0.060138
4,34.66,78.19,5.99,0.48225,3.19,0.013204,2.7,0.158237,1.02
5,1.05,14.73,0.238588,0.038031,0.003641,0.003066,1.84,0.009346,0.037135
6,36.1,75.29,6.32,0.09131,3.23,0.002055,36.19,0.000362,0.04435
7,1.08,16.09,0.236408,0.085198,0.004048,0.003212,2.82,0.001424,0.060648
8,33.46,70.8,6.13,0.44012,2.99,0.013863,1.92,0.163082,0.93459
9,1.14,14.08,0.2375,0.038122,0.004031,0.003149,44.16,0.009611,0.03483
10,34.96,71.33,6.15,0.093072,2.99,0.002091,2.9,0.000381,0.044942
11,1.2,14.21,0.246723,0.091639,0.00402,0.003174,1.92,0.001372,0.057433
12,33.72,68.36,5.75,0.469551,2.83,0.014378,26.26,0.17103,1.02
13,1.22,13.43,0.246655,0.03746,0.003754,0.002549,2.81,0.009519,0.035283
14,37.54,67.7,5.98,0.089498,2.98,0.002067,1.98,0.000365,0.045586
15,1.21,14.96,0.24303,0.093478,0.003943,0.003263,19.33,0.001562,0.064524
16,31.13,64.05,5.75,0.45098,2.8,0.012388,2.9,0.160996,0.975175
17,1.2,15.46,0.246458,0.037493,0.00382,0.002385,1.95,0.009937,0.035728
18,31.98,64.24,5.39,0.098864,2.92,0.002071,2.86,0.000358,0.046272
19,1.18,16.97,0.249115,0.091014,0.003898,0.00305,1.96,0.001514,0.065052
20,36.07,70.8,6.06,0.460741,3.19,0.012073,3.06,0.151396,0.953256
21,1.31,18.76,0.260103,0.036396,0.00377,0.002454,1.93,0.0104,0.034575
22,32.4,76.63,6.2,0.094487,3.29,0.002056,23.24,0.000372,0.046636
23,1.24,16.92,0.253032,0.091468,0.003838,0.003494,2.62,0.001593,0.074233
24,30.94,73.92,6.74,0.452316,3.68,0.011563,1.88,0.139399,0.992858
25,1.3,13.89,0.255169,0.03843,0.003706,0.002219,23.65,0.009953,0.036615
26,29.79,65.8,5.57,0.102697,3.25,0.002058,2.6,0.000372,0.047475
27,1.41,15.18,0.257226,0.091506,0.004111,0.00389,1.77,0.001662,0.079289
28,30.89,64.62,5.56,0.466693,3.15,0.011896,26.73,0.144645,1.07
29,1.45,15.17,0.258762,0.03798,0.003702,0.002083,2.91,0.010475,0.035117
30,29.7,68.84,5.58,0.095136,3.32,0.002082,1.77,0.000366,0.047589
31,1.44,14.89,0.252934,0.096213,0.003763,0.003965,26.25,0.001502,0.088989
32,23.83,58.97,4.36,0.448218,2.65,0.010776,3.11,0.14544,1.09
33,1.47,13.26,0.270973,0.038693,0.004507,0.002138,1.79,0.010618,0.035763
34,26.73,74.36,6.57,0.090337,3.07,0.002138,21.7,0.00037,0.045246
35,1.47,10.7,0.26255,0.101706,0.00454,0.004023,2.84,0.00126,0.080591
36,27.73,78,7.02,0.453647,3.14,0.0106,1.7,0.147306,1.3
37,1.44,10.47,0.26851,0.039098,0.004682,0.002085,20.82,0.010712,0.037247
38,29.01,85.84,6.7,0.090144,3.24,0.002142,3.05,0.00036,0.050691
39,1.47,9.96,0.244939,0.102077,0.004397,0.003464,1.74,0.001338,0.081322
40,28.69,79.64,6.57,0.47759,3.39,0.012236,25.59,0.16686,0.955091
41,1.53,9.42,0.25199,0.039468,0.004471,0.002052,3.37,0.010855,0.037639
42,30.4,94,6.9,0.093546,3.69,0.002223,1.73,0.00038,0.049968
43,1.54,10.11,0.256735,0.104674,0.004541,0.003612,26.04,0.001609,0.083602
44,31.53,78.25,6.91,0.449215,3.69,0.011794,3.42,0.173756,0.81124
45,1.53,10.03,0.254201,0.038163,0.004147,0.002127,1.73,0.010793,0.039006
46,33.93,90.36,7.48,0.098187,4.15,0.002295,21.21,0.000389,0.049131
47,1.51,10.02,0.257372,0.121532,0.004302,0.003872,3.5,0.001556,0.082101
48,34.74,88.75,6.96,0.466362,4.01,0.013455,1.71,0.187546,0.810876
49,1.5,10.02,0.252891,0.039427,0.004261,0.00209,23.36,0.011374,0.038268
50,34.08,76.83,6.08,0.097885,3.58,0.002243,3.49,0.000377,0.049202
51,1.52,10.52,0.250393,0.122712,0.00427,0.003456,1.72,0.001477,0.089561
52,32.27,72.35,5.86,0.418483,3.13,0.01121,28.77,0.17909,0.688848
53,1.52,10.51,0.243393,0.039513,0.004205,0.002162,3.41,0.011215,0.039767
54,36.64,91.5,7.08,0.092061,3.63,0.002228,1.72,0.000369,0.050043
55,1.5,10.5,0.243732,0.110163,0.003677,0.003072,28.67,0.00128,0.097816
56,36.33,84.71,6.72,0.427467,3.33,0.011699,3.61,0.185596,0.629889
57,1.45,10.75,0.249354,0.04043,0.003475,0.002082,1.81,0.011555,0.039808
58,41.35,97.34,7.41,0.094308,3.94,0.002159,26.77,0.000368,0.052629
59,1.46,10.58,0.246301,0.106649,0.003455,0.00299,3.74,0.001152,0.098649
60,28.4,63.69,4.74,0.429105,2.97,0.012096,1.81,0.200703,0.707298
61,0.692514,11.07,0.162747,0.040502,0.00786,0.002319,31.14,0.011607,0.039674
62,30.25,61.32,4.93,0.094745,3.28,0.002183,3.68,0.000366,0.054814
63,0.780302,10.94,0.168472,0.103612,0.007004,0.002896,1.77,0.001155,0.102126
64,29.35,62.39,4.88,0.388856,3.35,0.011038,28.64,0.142547,0.479536
65,0.77073,10.81,0.150249,0.040574,0.005962,0.001963,3.22,0.011812,0.046535
66,30.96,59.35,4.68,0.09543,3.18,0.002139,1.77,0.000367,0.051867
67,0.781814,11.04,0.180549,0.1173,0.005633,0.002943,36.34,0.001059,0.100928
68,29.72,59.45,4.96,0.479597,3.3,0.015328,3.33,0.225008,0.704781
69,0.836105,11.55,0.188229,0.041182,0.00452,0.001951,1.77,0.011986,0.050024
70,30.22,60,5.18,0.100929,3.33,0.002158,32.12,0.000368,0.052979
71,0.860811,12,0.192679,0.125161,0.004727,0.003094,3.21,0.001044,0.099447
72,35,63.72,5.2,0.510081,3.45,0.016324,1.78,0.277082,0.790181
73,0.857861,11.34,0.186053,0.040943,0.003556,0.00194,24.96,0.011579,0.042415
74,27.59,59.85,5.53,0.101603,3.45,0.002239,3.18,0.000357,0.057118
75,0.87786,12.05,0.181246,0.136267,0.00359,0.002968,1.68,0.00115,0.099523
76,23.48,58.84,4.71,0.508828,3.09,0.016993,20.43,0.332996,0.798137
77,0.904782,11.26,0.170472,0.040567,0.003659,0.001966,3.56,0.011658,0.040406
78,26.1,62.25,4.74,0.10361,3.42,0.002231,1.68,0.000389,0.059632
79,0.907106,11.02,0.180245,0.141297,0.003633,0.002501,21.61,0.001208,0.102095
80,24.79,62.99,4.71,0.506391,3.3,0.016269,3.3,0.276089,0.839306
81,0.889927,11.76,0.189527,0.041076,0.00374,0.002032,1.66,0.011838,0.042336
82,24.82,64.55,4.93,0.101275,3.21,0.002208,22.35,0.0004,0.059525
83,0.887821,11.47,0.192647,0.130244,0.003761,0.002278,3.43,0.001163,0.103826
84,26.97,64.58,4.98,0.511343,3.5,0.017095,1.7,0.297113,0.864793
85,0.866963,11.62,0.181382,0.040257,0.003783,0.00202,29.82,0.011306,0.042888
86,27.4,70.52,5.14,0.096199,3.78,0.002195,3.56,0.000403,0.067738
87,0.884849,11.94,0.17934,0.156038,0.00391,0.002178,1.69,0.001155,0.104455
88,28.85,70.45,5.1,0.52264,3.83,0.017447,26.65,0.284619,0.81537
89,0.975003,11.95,0.181202,0.041699,0.003925,0.001931,1.84,0.011656,0.042235
90,27.23,71.09,4.96,0.095,4.01,0.0023,1.28,0.000425,0.063642
91,0.906924,11.96,0.180824,0.168369,0.004143,0.002257,2.83,0.00114,0.105072
92,27.75,65.56,4.91,0.562123,4.07,0.020096,26.62,0.313873,0.955678
93,0.948144,12.11,0.179811,0.040722,0.003978,0.001925,1.86,0.01209,0.035642
94,28.15,71.42,4.79,0.092209,3.98,0.002452,1.39,0.000419,0.065944
95,0.980952,11.6,0.18523,0.172756,0.003847,0.002044,2.81,0.001305,0.111279
96,27.59,74.4,4.9,0.583702,3.66,0.020346,27.08,0.314341,0.991602
97,0.953763,11.42,0.202016,0.039271,0.003464,0.001925,1.86,0.012233,0.034442
98,28.86,67.55,4.98,0.092237,3.54,0.002527,1.41,0.000367,0.075518
99,0.94824,11.22,0.207292,0.194313,0.003245,0.002081,2.84,0.001443,0.11154
100,27.84,73.42,5.36,0.513977,3.59,0.018567,26.53,0.267107,0.866313
101,0.976486,11.46,0.211765,0.04018,0.003358,0.001912,1.77,0.012064,0.034844
102,27.84,66.8,4.92,0.101273,3.23,0.002476,1.33,0.000369,0.081677
103,0.981122,12.37,0.215994,0.20177,0.003711,0.002082,3.16,0.001295,0.111439
104,26.59,70.71,4.7,0.536666,3.36,0.017625,27,0.200741,0.734686
105,1.03,12.94,0.215135,0.040529,0.002874,0.001934,2.09,0.011537,0.03734
106,27.22,73.68,4.66,0.107756,3.27,0.002321,1.45,0.000347,0.072775
107,1.05,12.14,0.219517,0.209641,0.003281,0.00213,3.12,0.001533,0.112975
108,29.88,77.61,5.19,0.508075,3.57,0.021296,27.35,0.219417,0.876343
109,1.09,12.19,0.223432,0.040302,0.003248,0.001902,2.29,0.012516,0.03762
110,30.51,71.16,5.34,0.107518,3.66,0.002377,1.44,0.00038,0.078869
111,1.08,13.13,0.224222,0.194779,0.003688,0.002059,3.26,0.001516,0.113888
112,30.34,68.82,5.41,0.496026,3.43,0.020837,27.44,0.189056,0.865105
113,1.08,13.26,0.229213,0.039889,0.003578,0.001885,2.38,0.010262,0.036566
114,30.78,69.23,5.53,0.108315,3.28,0.002423,1.47,0.000414,0.071364
115,1.02,13.24,0.233913,0.191188,0.003838,0.001999,3.33,0.001443,0.11309
116,31.66,71.95,5.7,0.500976,3.52,0.023954,25.98,0.205573,0.987379
117,1.07,13.13,0.239255,0.040655,0.003874,0.001887,2.57,0.009544,0.034206
118,34.21,76.92,5.42,0.107544,2.77,0.002435,1.5,0.000362,0.071648
119,0.977,13.63,0.225496,0.186612,0.003996,0.00201,3.55,0.001555,0.11253
120,33.1,79.98,5.51,2.98,2.99,0.029182,24.76,0.211956,5.21
121,1.01,13.88,0.233642,0.029468,0.003813,0.002088,2.21,0.008318,0.032366
122,56.64,100.2,7.5,0.065324,3.76,0.00216,1.5,0.000477,0.035284
123,0.600124,8.76,0.169325,0.03859,0.004768,0.001681,3.45,0.000628,0.059501
124,48.94,94.82,6.9,3.14,3.46,0.031804,36,0.244843,5.45
125,0.597028,8.88,0.180705,0.028805,0.004278,0.002127,2.07,0.008211,0.034843
126,56,113.4,7.79,0.066853,4.32,0.002184,1.6,0.000503,0.034255
127,0.590771,9.15,0.168976,0.038871,0.004293,0.001735,3.9,0.000679,0.061681
128,60.04,106.83,7.89,2.86,3.78,0.030331,25.57,0.239735,4.34
129,0.582951,8.61,0.157288,0.028667,0.005345,0.001957,1.88,0.008071,0.031622
130,61.73,90.8,7.51,0.066246,3.51,0.002069,1.53,0.000464,0.033722
131,0.589909,9.09,0.162519,0.035404,0.005959,0.001696,3.8,0.000643,0.061112
132,49.96,89.87,8.04,3.17,3.26,0.031038,25.92,0.260334,5.18
133,0.614373,8.78,0.161149,0.029769,0.006342,0.002095,2.09,0.007848,0.035838
134,48.18,80.11,7.89,0.069906,3.05,0.00202,1.51,0.00044,0.029862
135,0.627662,10.85,0.162697,0.036968,0.00602,0.001655,3.8,0.000705,0.064631
136,42.97,79.46,7.49,3.35,3.04,0.034236,38.35,0.23148,4.07
137,0.662553,10.18,0.162994,0.030067,0.006621,0.002176,2.03,0.008302,0.037283
138,40.42,76.37,8.57,0.069331,3.05,0.001997,1.61,0.000449,0.028485
139,0.679494,9.17,0.163613,0.042009,0.00647,0.001956,3.54,0.000616,0.063976
140,34.14,72.05,9.68,3.45,2.97,0.034546,27.37,0.22332,3.68
141,0.712357,9.16,0.167896,0.03096,0.006907,0.002338,2.25,0.008627,0.038243
142,34.04,71.98,9.77,0.070316,2.9,0.00186,1.55,0.00052,0.028337
143,0.704841,8.83,0.164359,0.047226,0.006976,0.001941,3.67,0.000616,0.061801
144,35.06,70.88,9.74,3.84,3.04,0.035004,40.2,0.224598,3.07
145,0.751169,8.76,0.1598,0.031194,0.007667,0.002357,2.16,0.008911,0.037241
146,34.82,70.48,9.28,0.072068,3.01,0.001886,1.67,0.000498,0.029842
147,0.746159,8.8,0.163274,0.045249,0.007047,0.001892,3.9,0.000751,0.059831
148,32.04,77.06,8.28,3.92,2.95,0.036649,24.28,0.204555,3.28
149,0.725155,9,0.161771,0.030351,0.007327,0.002471,2.32,0.008324,0.036565
